1 Sitka 65 649 125
2 Yakutat 74 755 213
3 Kenai 52 467 91
4 Dutch_Harbor_-_Aleutian_Islands 51 537 78
5 Bethel 14 404 101
6 Whitehorse 64 661 73
7 Dawson 73 744 87
8 Ross_River 1466 2985 613
9 Fort_Simpson 543 1784 194
10 Inuvik 83 802 10
11 Echo_Bay 115 1018 37
12 Reliance 173 1160 41
13 Vancouver 95 902 336
14 Vancouver_Island 86 865 354
15 Prince_Rupert 78 839 284
16 Glenora 89 858 252
17 Atlin 69 784 186
18 Fort_Saint_John 88 916 180
19 Prince_George 105 940 284
20 Kelowna 103 917 317
21 Vernon 114 1008 333
22 Edmonton 128 1057 241
23 Athabaska_Landing 134 1041 164
24 Jasper 149 1070 293
25 Banff 131 1023 319
26 Calgary 126 1029 287
27 Denwood 142 1037 254
28 Fort_MacLeod 113 994 280
29 Medicine_Hat 2439 3785 707
30 Regina 191 1172 342
31 Stanley 160 1177 150
32 Prince_Albert 161 1185 228
33 Asquith 162 1106 249
34 Saskatoon 180 1148 289
35 Maple_Creek 163 1114 319
36 Winnipeg 251 1308 305
37 Churchill 263 1379 190
38 Indian_Lakes 214 1242 185
39 Norway_House 218 1285 225
40 Dauphin 220 1279 298
41 Brandon 221 1265 348
42 Pembina 242 1290 344
43 Arviat 257 1317 652
44 Guantanamo_Bay 467 1631 880
45 Marigot 664 1824 910
46 Toronto 413 1563 455
47 Fort_Severn 283 1429 256
48 Fort_Albany 348 1508 319
49 Dryden 269 1388 329
50 Thunder_Bay 310 1445 350
51 Sault_Ste_Marie 372 1548 372
52 Sudbury 399 1561 417
53 Barrie 387 1537 451
54 Windsor 391 1541 468
55 Hamilton 409 1548 475
56 Kingston 468 1606 447
57 Ottawa 466 1623 431
58 Montreal 499 1655 426
59 Nitchequon 445 1641 288
60 Fort_Rupert 462 1594 574
61 Chicoutimi 519 1717 358
62 Sept-Iles 613 1856 303
63 Temiscaming 431 1610 405
64 Trois-Rivieres 506 1643 397
65 Quebec_City 532 1686 392
66 Sherbrooke 499 1675 416
67 Rimouski 559 1754 365
68 Fredericton 612 1785 411
69 Bathurst 589 1750 384
70 Prince_Edward_Island 648 1818 408
71 Halifax 628 1786 456
72 Truro 643 1839 425
73 Cape_Breton_Island 688 1863 418
74 Saint_Johns 733 1945 366
75 Millertown 712 1934 352
76 Hopedale 608 1782 256
77 St_Pierre_&amp;_Miquelon 741 1925 392
78 Seattle 98 899 380
79 Spokane 92 910 404
80 Walla_Walla 110 954 399
81 Portland 96 883 426
82 Baker_City 108 953 477
83 Klamath_Falls 93 879 481
84 San_Francisco 102 917 566
85 Eureka 94 876 517
86 Sacramento 100 922 541
87 Monterey 107 915 604
88 Mariposa 118 998 621
89 Los_Angeles 109 951 628
90 San_Diego 117 982 648
91 Boise 122 999 484
92 Coeur_D'Alene 125 985 409
93 Pocatello 137 1041 480
94 Carson_City 112 975 541
95 Elko 129 1014 555
96 Las_Vegas 123 995 590
97 Salt_Lake_City 152 1066 503
98 Loa 143 1034 523
99 Moab 147 1091 524
100 Phoenix 141 1028 647
101 Flagstaff 140 1088 611
102 Tucson 139 1056 666
103 Santa_Fe 189 1171 579
104 Albuquerque 104 902 584
105 Las_Cruces 182 1157 641
106 Denver 188 1204 543
107 Grand_Junction 177 1133 507
108 Alamosa 168 1116 545
109 Pueblo 178 1148 561
110 Cheyenne 157 1083 504
111 Cody 156 1084 474
112 Casper 155 1141 452
113 Bozeman 132 1034 415
114 Missoula 132 1021 373
115 Great_Falls 144 1112 365
116 Billings 159 1151 405
117 Bismarck 205 1284 407
118 Minot 205 1260 361
119 Dickinson 198 1194 395
120 Sioux_Falls 231 1274 428
121 Dupree 199 1226 430
122 Rapid_City 200 1229 453
123 Omaha 245 1294 511
124 Alliance 201 1232 502
125 North_Platte 215 1273 526
126 Topeka 250 1317 576
127 Goodland 216 1226 552
128 Wichita 217 1233 577
129 Oklahoma_City 208 1226 591
130 Tahlequah 252 1306 630
131 Okmulgee 234 1265 619
132 Houston 261 1315 702
133 Austin 233 1277 699
134 Dallas 227 1272 661
135 Lubbock 209 1208 605
136 El_Paso 190 1210 674
137 San_Antonio 235 1277 723
138 Laredo 223 1277 767
139 New_Orleans 301 1390 721
140 Baton_Rouge 299 1381 697
141 Lake_Charles 279 1350 700
142 Shreveport 276 1359 665
143 Little_Rock 287 1381 634
144 Hot_Springs 274 1350 631
145 Fayetteville 273 1357 602
146 St_Louis 293 1393 555
147 Joplin 272 1346 586
148 Malden 296 1409 589
149 Jefferson_City 271 1348 570
150 Kansas_City 264 1366 537
151 Des_Moines 262 1319 504
152 Oskaloosa 278 1375 514
153 Cedar_Rapids 277 1373 472
154 Sioux_City 260 1307 480
155 Minneapolis 270 1343 431
156 Granite_Falls 258 1314 434
157 Moorhead 254 1331 393
158 Duluth 288 1376 381
159 Milwaukee 321 1425 467
160 Eau_Claire 284 1384 423
161 Green_Bay 315 1422 427
162 Madison 294 1389 455
163 Chicago 324 1435 502
164 Rockford 307 1408 503
165 Champaign 314 1416 512
166 Peoria 300 1389 527
167 Springfield 308 1402 539
168 Carbondale 317 1424 557
169 Indianapolis 345 1476 533
170 Evansville 336 1443 558
171 South_Bend 341 1447 506
172 Fort_Wayne 360 1472 517
173 Detroit 380 1507 484
174 Grand_Rapids 346 1463 484
175 Saginaw 371 1497 471
176 Traverse_City 350 1468 457
177 Marquette 311 1433 409
178 Cleveland 395 1543 511
179 Columbus 384 1511 533
180 Sandusky 374 1511 510
181 Dayton 375 1495 532
182 Cincinnati 376 1496 549
183 Marietta 389 1518 551
184 Louisville 343 1475 566
185 Lexington 362 1507 566
186 Bowling_Green 352 1484 577
187 Paducah 320 1420 588
188 Nashville 329 1442 604
189 Memphis 312 1418 599
190 Knoxville 356 1484 601
191 Chattanooga 353 1487 612
192 Jackson 298 1414 668
193 Vicksburg 305 1400 646
194 Biloxi 316 1411 690
195 Montgomery 333 1444 664
196 Tuscaloosa 347 1457 628
197 Mobile 334 1437 691
198 Tallahassee 339 1464 699
199 St_Augustine 378 1516 722
200 Tampa 393 1527 755
201 Atlanta 363 1481 643
202 Valdosta 364 1485 674
203 Bermuda 665 1825 664
204 Savannah 386 1531 681
205 Charleston 402 1558 654
206 Columbia 390 1529 634
207 Greenville 448 1590 599
208 Raleigh 427 1580 605
209 Charlotte 403 1550 613
210 Wilmington 442 1583 621
211 Richmond 437 1577 590
212 Manassas 455 1598 555
213 Fredericksburg 446 1613 577
214 Norfolk 463 1604 587
215 Staunton 419 1565 565
216 Roanoke 385 1529 587
217 Wheeling 396 1573 547
218 Huntington 394 1548 544
219 Baltimore 474 1627 565
220 Annapolis 465 1607 553
221 Hagerstown 432 1581 538
222 Dover 492 1627 546
223 Philadelphia 486 1618 529
224 Scranton 476 1629 496
225 Williamsport 436 1598 515
226 Harrisburg 461 1612 524
227 Pittsburgh 416 1563 521
228 Erie 415 1554 502
229 Newark 502 1639 519
230 Trenton 507 1645 535
231 Atlantic_City 496 1638 543
232 New_York 513 1655 508
233 Long_Island 516 1657 516
234 Albany 503 1641 496
235 Binghamton 458 1636 484
236 Buffalo 429 1582 472
237 Rochester 457 1612 478
238 Syracuse 478 1634 472
239 Watertown 484 1620 454
240 Plattsburgh 498 1654 442
241 Hartford 523 1663 499
242 Providence 551 1689 497
243 Boston 555 1692 489
244 New_Bedford 558 1699 499
245 Pittsfield 525 1667 484
246 Burlington 528 1669 463
247 Concord 538 1681 473
248 Lewiston 564 1706 453
249 Bangor 576 1742 439
250 Caribou 580 1741 399
251 Godthab 767 2111 132
252 Iceland 853 2516 139
253 Faroe_Islands 968 2703 261
254 Belfast 982 2709 426
255 Londonderry 958 2685 438
256 Armagh 975 2707 437
257 Donegal 944 2685 423
258 Galway 923 2672 462
259 Sligo 933 2674 451
260 Cork 924 2677 487
261 Limerick 920 2659 489
262 Waterford 952 2682 483
263 Dublin 976 2703 458
264 Kildare 960 2698 446
265 Wexford 963 2694 474
266 Aberdeen 1042 2768 380
267 Inverness 965 2744 381
268 Dundee 1028 2742 389
269 Edinburgh 1047 2764 405
270 Stirling 988 2742 401
271 Glasgow 1008 2750 413
272 Dumfries 1030 2743 424
273 Cardiff 1037 2754 499
274 Cardigan 1014 2731 493
275 Llandrindod 1044 2755 474
276 Holyhead 1022 2743 468
277 Liverpool 1056 2762 457
278 Manchester 1068 2766 449
279 Carlisle 1049 2755 436
280 Newcastle-upon-Tyne 1074 2774 430
281 Hull 1091 2801 446
282 Leeds 1079 2784 451
283 Sheffield 1088 2790 454
284 Birmingham 1078 2774 476
285 Chester 1059 2773 461
286 Shrewsbury 1064 2763 487
287 Coventry 1075 2781 484
288 Nottingham 1087 2782 468
289 Leicester 1098 2789 482
290 Lincoln 1121 2809 466
291 Cambridge 1123 2801 482
292 Ipswich 1146 2818 473
293 Chelmsford 1134 2818 491
294 Oxford 1094 2786 488
295 St_Albans 1108 2794 496
296 Bristol 1072 2769 495
297 Salisbury 1066 2776 514
298 Bath 1045 2763 503
299 Plymouth 997 2736 519
300 London 1125 2804 497
301 Canterbury 1135 2819 508
302 Brighton 1116 2802 508
303 Southampton 1089 2788 511
304 Isle_of_Man 1021 2736 442
305 Trondheim 1353 2979 209
306 Bodo 1480 3017 155
307 Hammerfest 1618 3190 84
308 Alesund 1256 2941 242
309 Bergen 1240 2897 282
310 Christianssand 1258 2926 340
311 Skien 1304 2950 324
312 Drammen 1321 2961 310
313 Christiania 1441 2975 309
314 Hamar 1411 2982 293
315 Lillehammer 1318 2957 296
316 Frederiksstad 1459 2985 331
317 Gvle 1578 3053 279
318 Sundsvall 1577 3097 229
319 stersund 1484 3034 223
320 Ume? 1563 3122 196
321 Lule? 1597 3149 153
322 Stockholm 1650 3086 324
323 Falun 1501 3016 279
324 Uppsala 1630 3090 308
325 Norrkping 1564 3050 358
326 Vsters 1600 3056 314
327 rebro 1560 3045 325
328 Karlstad 1474 3020 313
329 Gteborg 1464 2991 359
330 Bors 1487 3007 369
331 Gotland 1660 3097 374
332 Kalmar 1598 3062 366
333 Vxj? 1527 3039 389
334 Malm? 1492 3019 413
335 Karlskrona 1536 3027 413
336 Oulu 1833 3211 201
337 Kajaani 1917 3268 202
338 Tornio 1754 3229 155
339 Viipuri 1937 3258 289
340 Kotka 1880 3242 286
341 Mikkeli 1879 3233 274
342 Kuopio 1891 3234 248
343 Helsinki 1804 3172 307
344 Hameenlinna 1827 3188 295
345 Turku 1757 3148 285
346 Vaasa 1747 3202 260
347 Tampere 1811 3176 275
348 Aland_Islands 1710 3117 305
349 Reval 1821 3206 339
350 Narva 1885 3229 330
351 Parnu 1817 3193 354
352 Dorpat 1882 3225 344
353 sel 1767 3169 344
354 Riga 1843 3186 386
355 Valmiera 1843 3200 370
356 Daugavpils 1883 3238 399
357 Jelgava 1803 3201 395
358 Ventspils 1761 3150 374
359 Liepaja 1743 3136 394
360 Vilnius 1837 3216 417
361 Kaunas 1828 3188 429
362 Marijampole 1801 3166 435
363 Panevezys 1822 3196 421
364 Siauliai 1772 3156 417
365 Palanga 1748 3148 411
366 Aarhus 1407 2961 404
367 Aalborg 1347 2958 390
368 Ribe 1350 2942 415
369 Kiel 1377 2956 447
370 Flensburg 1356 2948 428
371 Aabenraa 1367 2954 420
372 Copenhagen 1460 2989 416
373 Odense 1416 2964 416
374 Bornholm 1576 3040 425
375 Amsterdam 1232 2882 478
376 Rotterdam 1222 2880 488
377 Utrecht 1241 2885 486
378 Middelburg 1148 2875 497
379 Eindhoven 1252 2892 502
380 Breda 1231 2880 498
381 Maastricht 1260 2901 501
382 Arnhem 1259 2898 486
383 Groningen 1273 2917 467
384 Zwolle 1266 2912 484
385 Leeuwarden 1251 2902 469
386 Assen 1279 2906 473
387 Brussels 1219 2877 516
388 Bruges 1193 2857 506
389 Ghent 1209 2863 510
390 Antwerp 1225 2886 506
391 Hasselt 1248 2890 513
392 Namur 1229 2879 528
393 Tournai 1205 2862 518
394 Charleroi 1217 2873 520
395 Liege 1244 2892 520
396 Spa_-_now_Eupen-Malmedy 1270 2902 524
397 Luxembourg 1265 2901 535
398 Arlon 1245 2893 536
399 Lille 1187 2844 520
400 Dunkirk 1183 2847 513
401 Arras 1169 2835 514
402 Amiens 1163 2835 527
403 Laon 1194 2867 534
404 Cambrai 1203 2870 529
405 Charleville 1224 2882 542
406 Troyes 1210 2863 558
407 Chaumont 1230 2879 564
408 Chalons 1208 2876 547
409 Strasbourg 1307 2918 552
410 Colmar 1306 2922 578
411 Nancy 1263 2904 556
412 Metz 1253 2900 548
413 Verdun 1253 2898 549
414 Epinal 1271 2916 564
415 Rouen 1136 2828 534
416 Evreux 1145 2829 546
417 Alencon 1109 2816 559
418 Caen 1090 2782 540
419 Channel_Islands 1073 2765 542
420 Brest 1023 2739 561
421 St_Brieuc 1050 2771 561
422 Vannes 1048 2768 574
423 Nantes 1076 2774 582
424 Rennes 1081 2777 575
425 Paris 1164 2841 558
426 Chartres 1156 2830 569
427 Melun 1190 2859 557
428 Dijon 1200 2861 591
429 Auxerre 1199 2877 577
430 Moulins 1188 2854 608
431 Macon 1218 2887 596
432 Besancon 1257 2903 575
433 Lons 1254 2897 603
434 Angers 1105 2801 581
435 Laval 1105 2792 564
436 Le_Mans 1131 2808 566
437 La_Roche 1092 2782 596
438 Orleans 1167 2835 577
439 Bourges 1182 2842 590
440 Blois 1154 2837 585
441 Tours 1137 2817 578
442 La_Rochelle 1099 2800 605
443 Poitiers 1133 2807 589
444 Angouleme 1127 2812 610
445 Limoges 1151 2835 618
446 Chateauroux 1165 2841 604
447 Tulle 1132 2819 618
448 Clermont-Ferrand 1184 2850 615
449 Aurillac 1201 2876 645
450 Cahors 1159 2826 643
451 Lyon 1233 2883 615
452 St_Etienne 1215 2877 622
453 Valence 1220 2873 637
454 Grenoble 1250 2899 624
455 Toulouse 1129 2826 662
456 Montauban 1157 2832 651
457 Foix 1130 2821 665
458 Bordeaux 1101 2791 626
459 Mont_de_Marsan 1106 2811 645
460 Pau 1096 2802 659
461 Montpellier 1202 2868 649
462 Rodez 1180 2848 633
463 Carcassonne 1168 2834 663
464 Perpignan 1178 2851 676
465 Annecy 1268 2913 611
466 Chambery 1264 2898 619
467 Marseilles 1238 2892 658
468 Avignon 1237 2896 646
469 Digne 1261 2902 643
470 Toulon 1262 2898 657
471 Frejus 1261 2908 647
472 Nice 1293 2913 648
473 Corsica 1370 2945 678
474 La_Coruna 930 2675 667
475 Oviedo 977 2704 663
476 Vigo 941 2676 681
477 Leon 978 2705 677
478 Santander 1024 2743 668
479 Burgos 1041 2755 671
480 Valladolid 1011 2736 677
481 Soria 1054 2768 691
482 Salamanca 979 2718 706
483 Avila 998 2749 699
484 Badajoz 971 2701 748
485 Almendralejo 983 2725 738
486 Caceres 969 2711 724
487 Madrid 1031 2748 714
488 Siguenza 1053 2762 703
489 Toledo 1009 2729 725
490 Cuenca 1061 2772 723
491 Ciudad_Real 1018 2734 744
492 Bilbao 1052 2762 667
493 Pamplona 1077 2780 668
494 Logrono 1060 2776 684
495 Zaragoza 1085 2778 698
496 Huesca 1118 2798 676
497 Teruel 1093 2798 712
498 Barcelona 1166 2838 687
499 Gerona 1174 2852 682
500 Lerida 1147 2828 679
501 Tarragona 1142 2828 698
502 Balearic_Islands 1161 2853 734
503 Valencia 1102 2797 733
504 Castellon 1122 2806 722
505 Alicante 1112 2807 747
506 Cartagena 1086 2779 764
507 Murcia 1082 2787 760
508 Albacete 1067 2767 741
509 Seville 990 2721 764
510 Cordoba 1002 2725 756
511 Huelva 966 2703 765
512 Cadiz 989 2710 784
513 Granada 1036 2745 775
514 Malaga 1005 2735 777
515 Almeria 1062 2771 766
516 Jaen 1039 2756 756
517 Gibraltar 989 2720 791
518 Oporto 942 2674 700
519 Vila_Real 961 2686 698
520 Covilha 955 2683 711
521 Lisbon 926 2663 742
522 Coimbra 929 2682 720
523 Abrantes 939 2674 743
524 Setubal 934 2673 755
525 Evora 948 2691 744
526 Beja 946 2689 763
527 Faro 940 2671 776
528 Hamburg 1362 2960 457
529 Lauenburg 1430 2971 453
530 Lubeck 1445 2973 450
531 Stade 1368 2954 468
532 Luneburg 1396 2978 468
533 Heligoland 1368 2941 452
534 Hanover 1389 2956 478
535 Nienburg 1357 2943 473
536 Brunswick 1397 2967 486
537 Gottingen 1406 2966 490
538 Osnabruck 1329 2937 483
539 Bremen 1373 2944 469
540 Oldenburg 1328 2935 463
541 Cloppenburg 1334 2936 475
542 Lingen 1319 2925 475
543 Emden 1291 2926 460
544 Schwerin 1450 2992 456
545 Neustrelitz 1516 3017 453
546 Stettin 1558 3038 468
547 Swinemunde 1515 3013 451
548 Stralsund 1510 3016 439
549 Berlin 1505 3011 484
550 Prenzlau 1531 3018 470
551 Pritzwalk 1468 3003 469
552 Cottbus 1539 3033 486
553 Magdeburg 1442 2980 491
554 Erfurt 1424 2981 498
555 Dessau 1454 2994 488
556 Halle 1488 3012 494
557 Stendal 1457 2995 477
558 Dresden 1535 3030 507
559 Leipzig 1493 3016 503
560 Chemnitz 1485 3010 517
561 Weimar 1462 2985 509
562 Gotha 1428 2973 509
563 Meiningen 1440 2982 521
564 Frankfurt 1375 2943 529
565 Wiesbaden 1335 2939 527
566 Kassel 1383 2962 506
567 Giessen 1374 2949 523
568 Fulda 1386 2954 522
569 Mannheim 1369 2953 538
570 Mainz 1339 2935 535
571 Kaiserlautern 1309 2932 547
572 Trier 1275 2915 532
573 Saarbrucken 1286 2918 546
574 Kreuznach 1305 2922 537
575 Cologne 1285 2913 519
576 Aachen 1274 2905 513
577 Cleves 1269 2904 507
578 Dusseldorf 1297 2925 506
579 Koblenz 1320 2928 522
580 Dortmund 1296 2922 500
581 Munster 1284 2927 490
582 Minden 1344 2933 491
583 Siegen 1330 2930 508
584 Korbach 1348 2941 506
585 Detmold 1378 2949 493
586 Karlsruhe 1340 2935 554
587 Freiburg 1331 2930 566
588 Konstanz 1360 2949 569
589 Stuttgart 1392 2958 553
590 Heilbronn 1391 2952 549
591 Tubingen 1358 2946 565
592 Augsburg 1415 2974 562
593 Ulm 1400 2956 566
594 Sigmaringen 1380 2948 561
595 Nuremburg 1431 2969 547
596 Aschaffenburg 1393 2950 532
597 Wurzburg 1412 2960 531
598 Bayreuth 1446 2980 536
599 Munich 1451 2993 568
600 Landshut 1481 2997 555
601 Ingolstadt 1461 2980 557
602 Regensburg 1470 2991 539
603 Zurich 1341 2953 584
604 Basel 1317 2929 583
605 Bern 1310 2925 592
606 Lucerne 1342 2932 588
607 Geneva 1298 2917 586
608 Neuchatel 1288 2908 592
609 Sitten 1300 2920 607
610 Ponape 3253 5316 1299
611 Chur 1379 2959 594
612 Innsbruck 1432 2972 587
613 Salzburg 1495 3014 578
614 Bregenz 1408 2963 584
615 Lienz 1499 3000 591
616 Graz 1583 3044 589
617 Judenburg 1545 3044 579
618 Klagenfurt 1514 3038 594
619 Vienna 1604 3062 561
620 Sankt_Polten 1574 3041 572
621 Krems 1580 3044 562
622 Linz 1519 3035 563
623 Sopron 1620 3066 585
624 Eisenstadt 1614 3059 589
625 Prague 1517 3039 538
626 Hradec_Kralove 1588 3052 532
627 Karlsbad 1494 3015 527
628 Aussig 1540 3038 517
629 Plzen 1511 3006 540
630 Budejovice 1549 3064 550
631 Brno 1586 3053 543
632 Olomouc 1616 3058 535
633 Bratislava 1638 3081 555
634 Trencin 1658 3088 557
635 Nitra 1644 3084 567
636 Banska_Bystrica 1680 3105 560
637 Kosice 1708 3119 563
638 Roznava 1726 3141 548
639 Zalaegerszeg 1621 3074 594
640 Pecs 1655 3096 611
641 Budapest 1681 3104 585
642 Gyor 1642 3076 584
643 Szekesfehevar 1648 3098 591
644 Kaposvar 1640 3080 605
645 Kecskemet 1688 3109 606
646 Miskolc 1686 3130 568
647 Oradea 1750 3156 601
648 Debrecen 1741 3156 571
649 Szeged 1688 3118 604
650 Bekescsaba 1720 3138 596
651 Szatmar 1765 3148 590
652 Temesvar 1729 3141 609
653 Resicabnya 1762 3150 626
654 Cluj 1807 3164 592
655 Gyulafehervar 1794 3174 607
656 Deva 1789 3167 615
657 Nagyszeben 1834 3180 617
658 Hawaii 43 384 1079
659 Brasso 1852 3205 619
660 Udvarhely 1864 3210 612
661 Beszterce 1799 3191 579
662 Cernauti 1862 3201 570
663 Suceava 1863 3212 572
664 Bucharest 1849 3205 650
665 Tirgu_Jiu 1790 3180 627
666 Craiova 1795 3184 650
667 Tirgoviste 1845 3203 634
668 Braila 1888 3238 628
669 Calarasi 1905 3240 641
670 Iasi 1913 3231 599
671 Botosani 1894 3225 575
672 Bacau 1875 3231 618
673 Galati 1922 3240 618
674 Constanta 1928 3249 649
675 Tulcea 1941 3250 629
676 Chisinau 1938 3251 609
677 Balti 1893 3252 577
678 Izmail 1946 3264 606
679 Kolberg 1592 3052 450
680 Koslin 1609 3064 442
681 Kustrin 1571 3050 471
682 Breslau 1579 3056 500
683 Liegnitz 1585 3049 509
684 Oppeln 1634 3089 525
685 Kattowitz 1664 3100 521
686 Line_Islands 2411 3739 728
687 Gorlitz 1547 3028 499
688 Troppau 1631 3085 535
689 Tesin 1668 3094 541
690 Danzig 1665 3101 445
691 Tuchel 1637 3092 459
692 Deutsch_Krone 1613 3076 455
693 Elbing 1684 3110 443
694 Torun 1666 3097 468
695 Knigsberg 1702 3140 427
696 Allenstein 1700 3145 450
697 Gumbinnen 1768 3157 439
698 Memel 1745 3153 423
699 Posen 1606 3059 479
700 Bromberg 1633 3085 464
701 Gniezno 1641 3077 479
702 Lvov 1814 3190 526
703 Krakow 1692 3106 529
704 Novy_Sacz 1711 3132 540
705 Przemysl 1752 3144 528
706 Warsaw 1718 3136 491
707 Suwalki 1793 3164 445
708 Plock 1678 3133 472
709 Lomza 1749 3146 474
710 Skierniewice 1654 3121 497
711 Siedlice 1758 3169 495
712 Lodz 1685 3104 508
713 Radom 1716 3142 512
714 Tarnow 1693 3133 533
715 Lublin 1766 3171 504
716 Kielce 1713 3117 526
717 Kalisz 1657 3101 514
718 Minsk 1910 3233 458
719 Bialystock 1784 3172 461
720 Turin 1292 2924 632
721 Aosta 1301 2928 616
722 Novara 1336 2944 626
723 Alessandria 1345 2949 630
724 Genoa 1384 2947 639
725 Savona 1327 2928 650
726 Milan 1376 2945 616
727 Bergamo 1398 2953 614
728 Brescia 1421 2965 622
729 Venice 1490 3008 616
730 Verona 1452 2987 628
731 Padua 1476 2992 624
732 Treviso 1472 2991 620
733 Udine 1512 3005 612
734 Trent 1447 2984 609
735 Bozen 1444 2973 596
736 Trieste 1538 3016 614
737 Gorizia 1514 3019 601
738 Parma 1403 2961 630
739 Modena 1436 2973 640
740 Massa 1436 2967 643
741 Bologna 1458 2981 644
742 Ferrara 1467 2995 638
743 Ravenna 1482 2996 642
744 Florence 1456 2982 652
745 Leghorn 1418 2969 655
746 Lucca 1437 2971 649
747 Siena 1463 2993 660
748 Grosetto 1438 2989 667
749 Rome 1483 3004 689
750 Viterbo 1471 2998 679
751 Perugia 1477 3001 662
752 Ancona 1497 3020 667
753 Aquila 1520 3031 694
754 Naples 1550 3031 706
755 Salerno 1559 3048 721
756 Bari 1611 3072 707
757 Foggia 1570 3051 693
758 Brindisi 1636 3085 714
759 Reggio_di_Calabria 1602 3059 752
760 Catanzaro 1605 3057 730
761 Potenza 1599 3054 708
762 Palermo 1489 3016 766
763 Messina 1561 3041 761
764 Catania 1554 3040 769
765 Cagliari 1354 2953 729
766 Sassari 1349 2952 706
767 Maribor 1572 3046 608
768 Ljubljana 1548 3030 604
769 Postojna 1537 3027 617
770 Pola 1541 3020 626
771 Zagreb 1593 3061 614
772 Sisak 1603 3061 625
773 Karlovac 1593 3048 622
774 Senj 1569 3043 635
775 Varazdin 1610 3070 608
776 Bjelovar 1639 3084 617
777 Pozega 1629 3086 626
778 Fiume 1553 3032 620
779 Osijek 1661 3093 623
780 Split 1601 3074 660
781 Zadar 1503 3039 646
782 Dubrovnik 1635 3080 671
783 Sarajevo 1645 3093 645
784 Bihac 1607 3065 642
785 Banja_Luka 1624 3073 639
786 Tuzla 1663 3105 634
787 Foca 1672 3103 647
788 Mostar 1646 3094 666
789 Livno 1622 3076 650
790 Kitwe 1923 3260 1617
791 Mitrovica 1695 3120 630
792 Pancevo 1721 3127 623
793 Vukovar 1676 3098 627
794 Belgrade 1698 3121 641
795 Bor 1746 3146 653
796 Kragujevac 1727 3135 651
797 Uzice 1703 3124 654
798 Nis 1735 3154 661
799 Leskovac 1763 3159 667
800 Ulcinj 1503 3107 685
801 Tahiti 49 445 1666
802 Pristina 1730 3138 674
803 Prizren 1725 3131 682
804 Novi_Pazar 1704 3125 661
805 Salonika 1785 3164 710
806 Skopje 1759 3161 696
807 Bitola 1738 3140 697
808 Petrich 1805 3169 696
809 Sofia 1791 3169 684
810 Vidin 1786 3161 655
811 Ruse 1866 3208 658
812 Pleven 1838 3204 667
813 Shumen 1873 3230 661
814 Varna 1925 3239 670
815 Plovdiv 1835 3209 696
816 Stara_Zagora 1840 3216 676
817 Burgas 1903 3237 683
818 Silistre 1902 3246 657
819 Florina 1737 3134 719
820 Grevena 1739 3148 719
821 Edessa 1769 3155 721
822 Polygyros 1808 3171 717
823 Kavala 1815 3173 702
824 Janina 1728 3132 727
825 Arta 1740 3135 739
826 Corfu 1589 3115 733
827 Zante 1731 3127 757
828 Edirne 1890 3225 694
829 Xanthe 1854 3195 701
830 Dedeagatch 1874 3217 699
831 Larisa 1773 3154 738
832 Volos 1796 3162 736
833 Trikkala 1755 3145 735
834 Athens 1818 3176 760
835 Amfissa 1776 3154 751
836 Lamia 1760 3148 745
837 Missolonghi 1589 3144 752
838 Khalkis 1809 3170 745
839 Nafplion 1774 3154 769
840 Corinth 1787 3161 765
841 Kalamata 1764 3148 773
842 Patras 1751 3152 760
843 Chios 1876 3213 757
844 Myteline 1860 3217 741
845 Cyclades 1797 3201 786
846 Dodecanese 1898 3242 797
847 Chania 1825 3179 809
848 Iraklion 1857 3194 810
849 Tirana 1714 3124 706
850 Shkoder 1705 3125 687
851 Durres 1709 3113 706
852 Vlore 1701 3114 711
853 Gjirokaster 1717 3128 714
854 Malta 1555 3031 800
855 Nicosia 2067 3330 816
856 Limassol 2050 3316 819
857 Famagusta 2072 3335 811
858 Kirklareli 1914 3243 701
859 Gallipoli 1877 3227 707
860 Istanbul 1945 3253 700
861 Uskudar 1959 3263 705
862 Izmit 1971 3274 709
863 Bursa 1944 3273 723
864 Balikesir 1906 3239 723
865 Canakkale 1889 3231 722
866 Afyon 1980 3278 752
867 Kutahya 1952 3275 742
868 Eskishehir 1989 3301 735
869 Izmir 1897 3233 757
870 Manisa 1906 3238 739
871 Denizli 1951 3259 753
872 Mugla 1927 3247 776
873 Konya 2023 3305 759
874 Burdur 1972 3291 764
875 Antalya 1968 3276 788
876 Ankara 2013 3333 725
877 Amasya 2085 3359 712
878 Kayseri 2090 3352 748
879 Sivas 2128 3396 723
880 Kastamonu 2048 3331 694
881 Bolu 2004 3293 707
882 Trabzon 2204 3424 709
883 Sinop 2100 3354 698
884 Giresun 2157 3392 710
885 Kars 2247 3472 719
886 Ardahan 2237 3478 704
887 Erzurum 2211 3445 717
888 Erzincan 2189 3414 738
889 Malatya 2167 3398 752
890 Van 2257 3486 760
891 Bitlis 2230 3462 753
892 Hakkari 2257 3495 769
893 Diyarbakir 2197 3437 756
894 Adana 2106 3367 764
895 Mersin 2059 3328 792
896 Marash 2138 3381 755
897 Aleppo 2151 3381 803
898 Antep 2152 3382 780
899 Urfa 2171 3406 766
900 Antioch 2137 3371 797
901 Dayr_al-Zour 2184 3460 781
902 Damascus 2129 3367 854
903 Homs 2148 3382 830
904 Hama 2155 3389 812
905 Latakia 2132 3371 819
906 Suwayda 2144 3376 857
907 Palmyra 2172 3404 838
908 Amman 2120 3365 888
909 Jerash 2126 3364 868
910 Ruwayshid 2149 3383 870
911 Maan 2124 3367 899
912 Baalbeck 2130 3366 842
913 Beirut 2122 3361 840
914 Askaleh 2133 3369 827
915 Sidon 2115 3358 849
916 Acre 2107 3355 859
917 Jerusalem 2108 3358 878
918 Nablus 2110 3358 871
919 Jaffa 2101 3350 882
920 Gaza 2093 3346 881
921 Beersheba 2097 3352 902
922 Aqaba 2111 3360 914
923 Mosul 2232 3473 809
924 Arbil 2234 3484 781
925 Kirkuk 2270 3499 819
926 Baghdad 2278 3502 854
927 Samarra 2233 3491 840
928 Mendeli 2282 3514 843
929 Karbala 2256 3486 867
930 Kut 2287 3538 873
931 Rutbah 2201 3468 873
932 Basra 2327 3554 895
933 Nasiriyya 2309 3538 899
934 Najaf 2260 3519 907
935 Kuwait 2319 3541 916
936 Grodno 1823 3181 456
937 Brest-Litovsk 1824 3186 479
938 Lida 1846 3203 447
939 Baranovichi 1851 3216 463
940 Pinsk 1850 3229 489
941 Slutsk 1909 3240 472
942 Mozyr 1924 3280 490
943 Smolensk 2012 3321 431
944 Orsha 1993 3307 457
945 Vitebsk 1955 3274 435
946 Polotsk 1930 3251 428
947 Pastavy 1884 3226 432
948 Mogilev 1950 3260 446
949 Gomel 1987 3295 481
950 Uzgorord 1779 3184 569
951 Stryi 1802 3166 541
952 Ternopil 1853 3212 555
953 Stanislavov 1830 3181 554
954 Vinnitsa 1932 3249 563
955 Proskorov 1892 3222 531
956 Rovne 1870 3209 527
957 Kovel 1829 3195 516
958 Kiev 1965 3285 531
959 Korosten 1921 3245 517
960 Zhitomir 1940 3276 555
961 Cherkassy 1995 3298 563
962 Chernigov 2003 3298 513
963 Poltava 2030 3353 545
964 Simferopol 2060 3350 624
965 Cherson 2031 3318 600
966 Kerch 2118 3364 626
967 Sevastopol 2080 3336 634
968 Odessa 1981 3296 591
969 Pervomaisk 1956 3274 573
970 Nikolaev 2037 3317 589
971 Krivoy_Rog 2025 3306 572
972 Ekaterinoslav 2079 3335 564
973 Melitopol 2083 3347 587
974 Kramatorsk 2117 3364 558
975 Yuzovka 2146 3384 579
976 Mariupol 2162 3387 588
977 Kursk 2077 3351 498
978 Kharkov 2136 3398 545
979 Rostov 2190 3434 573
980 Luhansk 2183 3410 541
981 Archangel 2202 3475 225
982 Petsamo 1949 3280 77
983 Kandalaksha 1969 3382 143
984 Kostomushka 1974 3326 186
985 Mezen 2268 3529 182
986 Naryn_Mar 2342 3613 124
987 Ust_Sysolsk 2277 3553 280
988 Povyents 2055 3376 261
989 Vologda 2182 3435 338
990 Kotlas 2248 3526 306
991 Uglich 2213 3469 338
992 Belozersk 2105 3373 335
993 Vyterga 2140 3389 282
994 St_Petersburg 1963 3284 312
995 Petrozavorsk 2035 3332 290
996 Luga 1936 3278 324
997 Gdov 1934 3244 341
998 Tver 2104 3377 375
999 Rzhev 2046 3345 403
1000 Staritsa 2078 3348 388
1001 Yaroslavl 2177 3419 371
1002 Manzhouli 2929 4688 524
1003 Novgorod 1986 3302 349
1004 Tikhvin 2040 3333 336
1005 Borovichi 2033 3313 377
1006 Pskov 1942 3249 377
1007 Velikiye_Luki 1967 3301 409
1008 Moscow 2147 3380 411
1009 Borodino 2116 3367 413
1010 Kaluga 2114 3362 427
1011 Tula 2143 3397 456
1012 Ryazan 2181 3424 456
1013 Vladimir 2158 3445 412
1014 Vyazma 2075 3332 425
1015 Peremyshl 2076 3364 452
1016 Bryansk 2024 3343 467
1017 Orel 2094 3356 473
1018 Belgorod 2125 3385 510
1019 Voronets 2170 3405 508
1020 Nizhni_Novgorod 2240 3472 419
1021 Penza 2244 3478 455
1022 Ivanovo 2215 3459 381
1023 Kostorma 2223 3472 362
1024 Galich 2251 3503 350
1025 Tambov 2206 3456 490
1026 Perm 2385 3686 389
1027 Vetluga 2262 3504 374
1028 Vyatkha 2312 3561 350
1029 Glasov 2362 3623 318
1030 Kazan 2313 3576 404
1031 Sarapul 2349 3618 394
1032 Chistopol 2345 3600 433
1033 Simbirsk 2292 3519 435
1034 Samara 2340 3587 453
1035 Syzran 2301 3535 462
1036 Astrakhan 2314 3544 585
1037 Saratov 2255 3507 506
1038 Novo_Uzensk 2290 3557 509
1039 Tsaritsyn 2231 3493 519
1040 Zarevka 2283 3527 570
1041 Elitsa 2261 3525 616
1042 Ufa 2374 3674 454
1043 Busuluk 2325 3563 489
1044 Orenburg 2377 3672 502
1045 Migolinskaya 2210 3440 546
1046 Chirskaya 2222 3476 595
1047 Azov 2192 3431 590
1048 Ekaterinodar 2180 3435 605
1049 Novorossiysk 2154 3391 626
1050 Stavropol 2228 3500 630
1051 Adygei 2200 3463 655
1052 Derbent 2323 3558 682
1053 Gunib 2307 3531 681
1054 Vladikavkaz 2281 3506 663
1055 Grozny 2281 3522 649
1056 Pyatigorsk 2249 3478 650
1057 Kizylyar 2298 3530 638
1058 Ekaterinburg 2417 3709 393
1059 Chelyabinsk 2424 3745 448
1060 Orsk 2416 3738 503
1061 Tyumen 2453 3858 385
1062 Berezov 2431 3781 256
1063 Tomsk 2613 4113 387
1064 Omsk 2496 3925 398
1065 Nizhnevartovsk 2459 3899 261
1066 Tobolsk 2463 3877 354
1067 Barnaul 2569 4036 459
1068 Ulala 2618 4145 499
1069 Vilyuysk 2983 4712 292
1070 Bryanka 2623 4177 305
1071 Qeshm 2398 3674 963
1072 Okhotsk 3151 5003 339
1073 Yevensk 3259 5316 243
1074 Petropavlovsk 3249 5266 460
1075 Irkutsk 2724 4422 450
1076 Bratsk 2708 4326 420
1077 Krasnoyarsk 2646 4204 392
1078 Chita 2865 4601 491
1079 Nerchinsk 2932 4643 470
1080 Chernomin 3109 4894 420
1081 Yaksa 3000 4745 426
1082 HaIshenwai 3110 4889 657
1083 Boli 3127 4938 559
1084 Utchan 3115 4932 456
1085 Ulusamudan 3063 4878 497
1086 Pogobi 3193 5026 483
1087 Ootomari 3195 5043 538
1088 Shumshu 3233 5196 550
1089 Etorofu 3215 5088 643
1090 Tblisi 2279 3501 696
1091 Pasanauri 2264 3520 688
1092 Kutaisi 2242 3467 673
1093 Akhaltsikhe 2259 3491 696
1094 Poti 2238 3458 679
1095 Sukhumi 2216 3449 664
1096 Batum 2239 3469 694
1097 New_Caledonia 3274 5379 1734
1098 Erivan 2275 3495 721
1099 Gyumri 2273 3507 706
1100 Kapan 2297 3517 730
1101 Nakhichevan 2288 3513 735
1102 Baku 2350 3581 715
1103 Siyazen 2334 3560 699
1104 Sheki 2264 3539 701
1105 Ganja 2293 3537 712
1106 Agdam 2310 3531 721
1107 Lankaran 2333 3572 735
1108 Tabriz 2302 3527 766
1109 Khvoy 2285 3524 751
1110 Urumia 2280 3502 758
1111 Mahabad 2308 3524 775
1112 Ardabil 2315 3540 748
1113 Rasht 2343 3590 780
1114 Noshehr 2360 3619 794
1115 Sari 2380 3628 791
1116 Gorgan 2388 3674 771
1117 Kermanshah 2303 3528 822
1118 Sanandaj 2299 3540 813
1119 Ilam 2311 3547 857
1120 Khoramabad 2322 3562 838
1121 Tehran 2359 3611 803
1122 Hamadan 2338 3563 816
1123 Zanjan 2326 3556 785
1124 Qazvin 2346 3591 796
1125 Qom 2353 3611 820
1126 Semnan 2376 3626 818
1127 Isfahan 2357 3597 854
1128 Arak 2347 3582 844
1129 Kashan 2367 3623 841
1130 Yazd 2383 3647 866
1131 Ahvaz 2328 3559 875
1132 Abadan 2337 3578 900
1133 Dezful 2335 3560 860
1134 Dehkord 2355 3594 873
1135 Shiraz 2366 3610 910
1136 Bushire 2363 3597 913
1137 Yasuj 2369 3632 881
1138 Kangan 2370 3642 934
1139 Sirjan 2390 3665 897
1140 Kerman 2401 3694 887
1141 Lengeh 2393 3664 957
1142 Bandar_Abbas 2393 3679 939
1143 Bam 2418 3734 909
1144 Zahedan 2426 3739 936
1145 Jask 2412 3703 961
1146 Chabahar 2433 3759 984
1147 Mashhad 2423 3755 793
1148 Birjand 2400 3701 837
1149 Sabzevar 2391 3701 788
1150 Bojnurd 2402 3724 774
1151 Mecca 2208 3448 1052
1152 Jidda 2191 3425 1056
1153 Medina 2159 3411 982
1154 Tabuk 2102 3365 930
1155 Abha 2235 3472 1089
1156 Kaf 2165 3439 903
1157 Riyadh 2286 3551 987
1158 Rafha 2224 3481 919
1159 Halaban 2220 3483 1020
1160 Hail 2186 3483 952
1161 Sharurah 2306 3561 1090
1162 Bahrain 2361 3595 976
1163 Qatif 2329 3562 944
1164 Hufuf 2354 3597 1001
1165 Doha 2365 3609 979
1166 Muscat 2415 3712 1015
1167 Abu_Dhabi 2375 3647 1017
1168 Dubai 2396 3683 990
1169 Sohar 2407 3697 1011
1170 Nizwa 2399 3680 1037
1171 Sur 2419 3714 1039
1172 Duqm 2394 3675 1078
1173 Mukalla 2324 3556 1129
1174 Salalah 2378 3634 1097
1175 Ghayda 2348 3588 1108
1176 Bayda 2295 3527 1160
1177 Socotra 2379 3647 1198
1178 Sana 2263 3511 1133
1179 Hodeida 2253 3479 1145
1180 Taizz 2266 3512 1167
1181 Qaraganda 2460 3902 497
1182 Guryev 2317 3627 556
1183 Aqtobe 2384 3674 540
1184 Kokshetau 2450 3853 440
1185 Yasi 2472 3950 644
1186 Alma_Ata 2529 4032 655
1187 Semipalatinsk 2562 4031 543
1188 Qaratal 2554 4094 581
1189 Bishkek 2492 3918 696
1190 Naryn 2542 4006 692
1191 Khiva 2429 3757 667
1192 Nukus 2404 3695 674
1193 Kyzylorda 2437 3792 621
1194 Aqtau 2364 3663 668
1195 Tashkent 2479 3893 702
1196 Dashhowuz 2421 3712 680
1197 Shymkent 2455 3875 692
1198 Bukhara 2447 3810 730
1199 Samarkand 2458 3839 729
1200 Qarshi 2452 3840 745
1201 Khojand 2483 3896 718
1202 Kokand 2494 3924 707
1203 Osh 2497 3947 721
1204 Ashkhabad 2386 3747 774
1205 Kyzyl_Arvat 2382 3669 721
1206 Merv 2446 3838 761
1207 Kulob 2475 3898 741
1208 Khorug 2495 3945 752
1209 Kabul 2474 3875 815
1210 Faizabad 2480 3903 778
1211 Balkh 2461 3853 799
1212 Herat 2435 3762 834
1213 Bamyan 2448 3824 844
1214 Farrah 2434 3793 863
1215 Kandahar 2449 3823 903
1216 Jalalabad 2487 3899 807
1217 Ghazni 2465 3884 841
1218 Peshawar 2470 3931 830
1219 Quetta 2464 3848 890
1220 Dalbandin 2438 3815 921
1221 Kalat 2451 3828 941
1222 Bela 2441 3796 979
1223 Chitral 2501 3935 809
1224 Srinagar 2521 3975 854
1225 Gilgit 2510 4006 809
1226 Leh 2547 3999 838
1227 Lahore 2507 3954 886
1228 Multan 2488 3931 907
1229 Sialkot 2517 3955 860
1230 Attock 2502 3937 841
1231 Bahawalpur 2490 3914 936
1232 Shahpur 2498 3925 886
1233 Amritsar 2533 3974 873
1234 Firozpur 2528 3993 893
1235 Simla 2548 4013 887
1236 Delhi 2555 4011 938
1237 Panipat 2534 3987 914
1238 Dehra_Dun 2570 4059 905
1239 Meerut 2564 4017 924
1240 Agra 2567 4045 960
1241 Cawnpore 2576 4051 983
1242 Lucknow 2590 4070 943
1243 Allahabad 2595 4071 982
1244 Fyzabad 2606 4082 953
1245 Benares 2609 4095 987
1246 Gorakhpur 2610 4105 974
1247 Patna 2620 4127 970
1248 Gaya 2615 4119 1005
1249 Kharswari 2624 4127 1020
1250 Bhagalpur 2634 4165 981
1251 Calcutta 2637 4178 1034
1252 Darjeeling 2639 4183 968
1253 Bardwan 2636 4175 1015
1254 Dacca 2656 4232 994
1255 Rajshahi 2647 4199 989
1256 Jessore 2649 4209 1020
1257 Chittagong 2665 4228 1028
1258 Gauhati 2657 4252 973
1259 Imphal 2680 4279 997
1260 Dibrugarh 2678 4285 955
1261 Cuttack 2632 4145 1076
1262 Keunjahr 2619 4134 1065
1263 Sambalpur 2612 4106 1072
1264 Ajmer 2527 3979 975
1265 Jaisalmer 2489 3916 958
1266 Jodhpur 2491 3941 971
1267 Bikaner 2508 3958 928
1268 Jaipur 2539 3997 955
1269 Udaipur 2516 3981 982
1270 Gwalior 2556 4017 994
1271 Indore 2530 3988 1025
1272 Bhopal 2557 4018 1020
1273 Chhatarpur 2584 4041 994
1274 Rewa 2600 4079 1002
1275 Jubbulpore 2572 4050 1040
1276 Hoshangabad 2550 4001 1044
1277 Nagpur 2574 4052 1062
1278 Amarati 2552 3999 1066
1279 Jagdalpur 2599 4077 1089
1280 Raipur 2601 4092 1068
1281 Bilaspur 2603 4077 1041
1282 Raigarh 2608 4101 1016
1283 Hyderabad 2568 4032 1122
1284 Aurangabad 2536 3988 1079
1285 Nizamabad 2563 4026 1088
1286 Gulbarga 2551 4002 1111
1287 Warangal 2586 4046 1125
1288 Karachi 2467 3865 999
1289 Sukkur 2468 3881 959
1290 Umarkot 2476 3906 995
1291 Ahmedabad 2504 3947 1026
1292 Rajkot 2484 3910 1030
1293 Mandvi 2481 3896 1013
1294 Patan 2503 3946 1016
1295 Baroda 2513 3955 1038
1296 Surat 2511 3948 1076
1297 Bombay 2512 3953 1088
1298 Nasik 2523 3961 1066
1299 Poona 2520 3957 1100
1300 Bijapur 2537 3979 1117
1301 Kolhapur 2518 3958 1115
1302 Belgaum 2531 3972 1146
1303 Goa 2526 3963 1152
1304 Madras 2579 4041 1213
1305 Vizagapatnam 2607 4114 1089
1306 Masulipatnam 2588 4056 1143
1307 Nellore 2587 4046 1155
1308 Kurnool 2549 4013 1153
1309 Tanjore 2579 4042 1220
1310 Madurai 2565 4017 1242
1311 Coimbatore 2561 4023 1199
1312 Pondicherry 2543 4049 1207
1313 Bangalore 2558 4015 1187
1314 Mysore 2546 3998 1195
1315 Chitaldroog 2538 4001 1175
1316 Mangalore 2535 3976 1186
1317 Calicut 2545 3990 1213
1318 Cochin 2553 4000 1237
1319 Trivandrum 2560 4010 1265
1320 Andaman_Islands 2673 4249 1229
1321 Colombo 2592 4055 1296
1322 Jaffna 2593 4059 1261
1323 Kandy 2598 4068 1287
1324 Trincomalee 2604 4079 1280
1325 Maldives 2509 3949 1330
1326 Katmandu 2621 4159 948
1327 Jumla 2596 4117 937
1328 Tumlong 2645 4187 948
1329 Thimpu 2653 4204 952
1330 Rangoon 2694 4303 1136
1331 Bassein 2687 4295 1119
1332 Pegu 2696 4325 1118
1333 Toungoo 2701 4323 1103
1334 Ava 2691 4299 1031
1335 Kyaukse 2695 4315 1080
1336 Magwe 2685 4295 1075
1337 Prome 2688 4288 1089
1338 Taunggyi 2707 4364 1054
1339 Haka 2679 4284 1006
1340 Lashio 2706 4345 1043
1341 Putao 2704 4338 950
1342 Myitkyina 2692 4297 1005
1343 Moulmein 2713 4345 1176
1344 Mergui 2716 4351 1196
1345 Sittwe 2674 4251 1059
1346 Bangkok 2739 4378 1178
1347 Lopburi 2732 4369 1172
1348 Nakhon_Sawan 2719 4353 1131
1349 Sukhothai 2731 4384 1145
1350 Nakhon_Ratchasima 2755 4394 1151
1351 Prachinburi 2748 4406 1178
1352 Phuket 2717 4352 1239
1353 Ratchaburi 2721 4353 1168
1354 Nakhon_Si_Thammarat 2722 4368 1278
1355 Chiang_Mai 2715 4341 1112
1356 Luang_Prabang 2747 4419 1072
1357 Vientiane 2759 4401 1098
1358 Udon_Thani 2751 4401 1120
1359 Sisaket 2776 4427 1162
1360 Xiangabouli 2741 4379 1080
1361 Savannakhet 2787 4449 1135
1362 Salavan 2802 4481 1155
1363 Pakche 2803 4469 1158
1364 Oudong 2779 4444 1208
1365 Chanthaburi 2752 4407 1202
1366 Battambang 2770 4439 1174
1367 Kampot 2773 4415 1209
1368 Stongtreng 2806 4481 1182
1369 Hanoi 2796 4454 1058
1370 Hai_Phong 2810 4470 1064
1371 Cao_Bang 2788 4442 1032
1372 Son_La 2769 4438 1053
1373 Lang_Son 2809 4463 1042
1374 Thanh_Hoa 2783 4436 1086
1375 Hue 2818 4487 1139
1376 Vinh 2799 4456 1103
1377 Tourane 2824 4501 1157
1378 Pleiku 2826 4497 1168
1379 Qui_Nhon 2839 4508 1202
1380 Saigon 2817 4473 1227
1381 Dong_Quai 2819 4501 1209
1382 Hatien 2774 4467 1229
1383 Vinhlong 2795 4461 1243
1384 Singapore 2780 4427 1380
1385 Johor_Bahru 2771 4420 1366
1386 Malacca 2771 4407 1367
1387 Kuala_Lumpur 2749 4391 1347
1388 Penang 2742 4380 1315
1389 Alor_Setar 2735 4381 1307
1390 Kuantan 2758 4396 1336
1391 Kota_Bahru 2757 4416 1326
1392 Pattani 2743 4382 1295
1393 Brunei 2910 4595 1330
1394 Kuching 2848 4560 1374
1395 Bintulu 2869 4590 1372
1396 Api 2927 4633 1299
1397 Sandakan 2943 4625 1327
1398 Jambi 2753 4430 1421
1399 Palembang 2772 4421 1452
1400 Inderagiri 2756 4396 1405
1401 Siak 2740 4386 1383
1402 Tanjungpinang 2777 4442 1407
1403 Lampung 2766 4455 1470
1404 Palak_Pinang 2800 4467 1441
1405 Banda_Aceh 2693 4320 1328
1406 Medan 2718 4357 1352
1407 Tapaktuan 2703 4334 1361
1408 Padang 2729 4393 1418
1409 Sibolga 2720 4358 1380
1410 Bencoolen 2754 4422 1462
1411 Gunungsitoli 2699 4350 1420
1412 Aden 2271 3500 1189
1413 Batavia 2813 4485 1500
1414 Bogor 2801 4467 1505
1415 Cirebon 2831 4503 1508
1416 Yogyakarta 2837 4510 1517
1417 Semarang 2849 4533 1506
1418 Surabaya 2864 4542 1509
1419 Surakarta 2859 4537 1519
1420 Probolinggo 2874 4586 1526
1421 Madura 2884 4575 1510
1422 Muraleve 2887 4582 1401
1423 Banjarmasin 2893 4608 1436
1424 Pasir 2928 4620 1429
1425 Tarakan 2916 4641 1365
1426 Pontianak 2841 4518 1388
1427 Kota_Waringin 2852 4560 1443
1428 Sintang 2863 4567 1383
1429 Samarinda 2922 4638 1388
1430 Makassar 2994 4674 1476
1431 Bone 3008 4683 1454
1432 Mamuju 2985 4674 1436
1433 Menado 3026 4726 1387
1434 Luwuk 3018 4702 1419
1435 Palu 2997 4680 1413
1436 Kendari 3021 4705 1448
1437 Bulon 3037 4718 1481
1438 Bali 2914 4604 1530
1439 Flores 2995 4703 1536
1440 Sumbawa 2951 4637 1535
1441 Sumba 2987 4673 1550
1442 Lombok 2936 4626 1534
1443 Roti 2987 4709 1566
1444 Alor 3041 4773 1523
1445 Kaupeng 3044 4751 1554
1446 Dili 3060 4781 1535
1447 Ternate 3054 4800 1423
1448 Jilolo 3078 4811 1377
1449 Ambon 3064 4783 1450
1450 Ceram 3087 4812 1447
1451 Aru 3085 4858 1517
1452 Biak 3134 4928 1414
1453 Sorong 3105 4879 1418
1454 Merah 3144 4996 1454
1455 Manila 3003 4700 1172
1456 Vigan 3014 4692 1116
1457 Legazpi 3035 4716 1179
1458 Mindoro 3004 4693 1187
1459 Palawan 2957 4644 1259
1460 Iloilo 3036 4730 1229
1461 Tacloban 3042 4751 1203
1462 Zamboanga 3038 4732 1268
1463 Davao 3049 4768 1268
1464 Sulu 3005 4711 1297
1465 Urga 2768 4484 547
1466 Dalandzadgad 2733 4469 655
1467 Bayan_Tumen 2843 4542 553
1468 Uliastai 2684 4336 649
1469 Sofianova 2652 4295 509
1470 Anqing 2935 4624 898
1471 Chizhou 2948 4646 893
1472 Fengyang 2945 4638 839
1473 Huizhou 2960 4644 916
1474 Luzhou 2931 4620 879
1475 Ningguo 2970 4652 897
1476 Sizhou 2966 4648 845
1477 Taiping 2971 4651 864
1478 Yingzhou 2919 4621 862
1479 Mukden 3028 4731 690
1480 Jinzhou 3001 4696 703
1481 Port_Arthur 3022 4710 739
1482 Fuzhou 2981 4678 954
1483 Jianning 2946 4639 951
1484 Quanzhou 2968 4651 981
1485 Taibei 3011 4687 1010
1486 Tingzhou 2939 4649 965
1487 Zhangzhou 2953 4637 999
1488 Gansu 2672 4314 743
1489 Gongchang 2764 4443 824
1490 Lanzhou 2745 4402 773
1491 Ningxia 2793 4450 772
1492 Pingliang 2786 4474 791
1493 Canton 2880 4575 1018
1494 Chaozhou 2926 4627 1002
1495 Maoming 2850 4540 1043
1496 Hong_Kong 2905 4589 1039
1497 Waizao 2904 4595 1005
1498 Macao 2895 4579 1035
1499 Hainan 2838 4510 1085
1500 Shaozhou 2878 4562 995
1501 Zhaoqing 2868 4551 1016
1502 Nanning 2791 4501 1018
1503 Guilin 2822 4491 996
1504 Pingle 2844 4527 1029
1505 Guiyang 2808 4472 976
1506 Anshun 2781 4461 961
1507 Zhenyuan 2828 4508 971
1508 Kaifeng 2892 4582 831
1509 Guide 2917 4606 835
1510 Henan 2858 4544 825
1511 Huaiqing 2875 4560 812
1512 Chenzhou 2912 4603 844
1513 Nanyang 2866 4549 844
1514 Runing 2900 4586 857
1515 Weihui 2894 4595 801
1516 Hanyang 2890 4590 890
1517 Dean 2886 4580 887
1518 Huangzhou 2913 4614 900
1519 Anlu 2879 4563 884
1520 Jingzhou 2855 4556 891
1521 Shinan 2835 4532 896
1522 Wuchang 2901 4584 908
1523 Xiangyang 2847 4563 866
1524 Changsha 2862 4579 934
1525 Changde 2856 4552 910
1526 Baoqing 2846 4521 965
1527 Hengzhou 2877 4577 975
1528 Yuezhou 2881 4576 915
1529 Yongshun 2840 4520 947
1530 Yongzhou 2867 4551 988
1531 New_Ireland 3220 5150 1439
1532 Guihua_Tumed 2820 4504 735
1533 Jirim_Chuulgan 2988 4716 601
1534 Ulaan_Chab_Chuulghan 2938 4635 662
1535 Yeke_Juu_Chuulghan 2709 4443 736
1536 Huaian 2978 4681 843
1537 Changzhou 2999 4683 872
1538 Shanghai 3025 4701 883
1539 Suzhou 3013 4691 880
1540 Taicangzhou 3023 4703 871
1541 Tongzhou 3007 4688 862
1542 Xuzhou 2942 4650 832
1543 Yangzhou 2976 4679 852
1544 Zhenjiang 2990 4670 878
1545 Nanchang 2907 4603 938
1546 Guangxin 2952 4637 930
1547 Jian 2899 4589 951
1548 Jianchang 2930 4630 941
1549 Jiujiang 2923 4609 911
1550 Ganzhou 2908 4616 974
1551 Raozhou 2944 4630 915
1552 Qiqihar 2998 4733 575
1553 Aigun 3006 4748 517
1554 Ninguta 3081 4831 641
1555 Jilin 3051 4767 654
1556 Makhai 2660 4273 765
1557 Balekungomi 2705 4343 793
1558 Kegudo 2655 4295 816
1559 Xian 2816 4499 819
1560 Merauke 3219 5138 1553
1561 Yenan 2823 4523 788
1562 Hanzhong 2814 4511 854
1563 Jinan 2924 4627 779
1564 Caozhou 2918 4616 810
1565 Laizhou 2986 4677 783
1566 Qingdao 2986 4681 789
1567 Qingzhou 2969 4666 790
1568 Taian 2934 4632 797
1569 Weihaiwei 3033 4711 770
1570 Wuding 2955 4646 764
1571 Yizhou 2963 4646 807
1572 Taiyuan 2861 4577 762
1573 Fenzhou 2857 4538 784
1574 Luan 2876 4566 801
1575 Pingyang 2854 4538 810
1576 Datong 2872 4562 733
1577 Chongqing 2815 4492 911
1578 Chengdu 2778 4425 888
1579 Baotung 2798 4480 873
1580 Jiading 2775 4444 907
1581 Kuizhou 2830 4508 876
1582 Longan 2723 4428 855
1583 Shunqing 2805 4479 886
1584 Tongchuan 2784 4446 878
1585 Yibin 2750 4406 921
1586 Yazhou 2712 4343 878
1587 Lhasa 2662 4252 904
1588 Chamdo 2664 4272 880
1589 Shigatse 2622 4161 925
1590 Lhodrak 2663 4227 934
1591 Changtang 2589 4155 823
1592 Ngari 2580 4068 878
1593 Tawang 2668 4311 945
1594 Kashgar 2524 4009 740
1595 Ili 2594 4115 645
1596 Tulta 2631 4197 610
1597 Aksu 2559 4082 683
1598 Khotan 2575 4086 762
1599 Kumul 2666 4281 688
1600 Urumqi 2611 4144 665
1601 Kunming 2761 4403 976
1602 Dali 2714 4361 1001
1603 Puer 2738 4394 1021
1604 Hangzhou 2977 4663 911
1605 Huzhou 2991 4673 893
1606 Jiaxing 3019 4694 886
1607 Jinhua 2972 4681 920
1608 Ningbo 3024 4699 909
1609 Shaoxing 3010 4693 911
1610 Taizhou 2972 4689 925
1611 Wenzhou 2984 4687 933
1612 Beijing 2911 4605 739
1613 Chengde 2938 4644 692
1614 Daming 2898 4597 778
1615 Jizhou 2921 4611 769
1616 Shuntian 2888 4594 700
1617 Tianjin 2933 4620 757
1618 Zhongding 2897 4593 766
1619 Pyongyang 3061 4777 740
1620 Chonchon 3053 4786 709
1621 Hamhung 3072 4792 718
1622 Chongjin 3093 4821 693
1623 Kimchaek 3080 4825 705
1624 Seoul 3071 4794 768
1625 Kaesong 3068 4784 756
1626 Haeju 3059 4764 758
1627 Sariwon 3058 4762 752
1628 Inchon 3069 4788 778
1629 Wonsan 3074 4806 751
1630 Kangnung 3076 4805 768
1631 Wonju 3084 4818 771
1632 Pusan 3082 4804 815
1633 Taegu 3086 4815 803
1634 Pohang 3089 4824 802
1635 Kwangju 3065 4785 804
1636 Taejon 3066 4795 794
1637 Cheju 3067 4785 847
1638 Hiroshima 3122 4872 827
1639 Okayama 3125 4897 823
1640 Yamaguchi 3112 4867 833
1641 Matsue 3116 4865 824
1642 Hakodate 3168 4998 688
1643 Ishikara 3182 5027 662
1644 Nemuru 3198 5045 659
1645 Niigata 3156 4982 765
1646 Kanazawa 3147 4938 791
1647 Fukui 3142 4933 801
1648 Toyama 3149 4945 786
1649 Edo 3167 4986 803
1650 Chiba 3173 4997 804
1651 Yokohama 3164 4985 810
1652 Urawa 3162 4986 799
1653 Mito 3171 4999 788
1654 Bonin 3123 5016 1007
1655 Osaka 3136 4922 826
1656 Wakayama 3137 4925 841
1657 Kyoto 3135 4930 817
1658 Nara 3140 4928 826
1659 Kobe 3131 4916 819
1660 Fukuoka 3103 4847 845
1661 Nagasaki 3090 4836 853
1662 Kagoshima 3094 4845 873
1663 Miyazaki 3113 4855 874
1664 Kumamoto 3106 4858 852
1665 Kochi 3124 4886 843
1666 Matsuyama 3121 4877 847
1667 Tokushima 3126 4898 836
1668 Sendai 3179 5003 761
1669 Fukushima 3166 4985 775
1670 Morioka 3180 5011 739
1671 Akita 3169 4997 736
1672 Aomori 3174 5011 715
1673 Yamagata 3170 4990 760
1674 Utsunomiya 3160 4976 792
1675 Nagoya 3146 4950 815
1676 Shizuoka 3154 4961 818
1677 Nagano 3152 4959 804
1678 Okinawa 3046 4803 966
1679 Amari 3088 4825 938
1680 Fez 1010 2731 838
1681 Wazzan 995 2718 823
1682 Meknes 986 2713 838
1683 Taza 1029 2752 827
1684 Wujda 1051 2766 825
1685 Rabat 970 2711 829
1686 Tangier 994 2717 804
1687 Tetouan 991 2729 816
1688 Ajdir 1019 2739 818
1689 Melilla 1065 2761 814
1690 Marrakesh 932 2706 873
1691 Casablanca 947 2687 854
1692 Huribka 964 2713 861
1693 Sawira 925 2667 876
1694 Agadir 914 2669 902
1695 Ifni 922 2648 920
1696 Tarfaya 901 2658 940
1697 Figuig 1033 2753 860
1698 Rashidia 980 2738 867
1699 Warzazat 935 2696 887
1700 Algiers 1189 2854 788
1701 Bougie 1223 2877 789
1702 Setif 1211 2875 798
1703 Medea 1152 2826 805
1704 Oran 1107 2801 805
1705 Tlemcen 1083 2790 815
1706 Mustaghanim 1138 2813 801
1707 Mascara 1103 2816 811
1708 Constantine 1282 2924 796
1709 Bone 1303 2922 787
1710 Biskra 1255 2904 814
1711 Ouargla 1213 2890 881
1712 Tuggurt 1242 2895 850
1713 Laghwat 1110 2861 813
1714 Bechar 597 1754 1610
1715 Naama 1097 2814 838
1716 Tindouf 949 2700 924
1717 Chenachene 972 2778 962
1718 In_Salah 1057 2882 975
1719 Ilizi 1115 2929 898
1720 Timimoun 1034 2770 882
1721 In_Guezzam 1204 2922 1054
1722 Tin_Zawatene 1114 2822 1011
1723 Balboa 420 1557 1060
1724 Tamanrasset 1055 2757 335
1725 Tunis 1410 2963 788
1726 Bizerte 1352 2959 781
1727 Gafsa 1332 2954 801
1728 Kairouan 1419 2970 804
1729 Tozeur 1323 2946 853
1730 Gabes 1413 2961 838
1731 Tripoli 1518 3015 857
1732 Gharyan 1429 3008 876
1733 Misratah 1473 3027 861
1734 Sirt 1594 3071 889
1735 Benghazi 1707 3123 872
1736 Darna 1736 3148 855
1737 Tobruk 1813 3194 873
1738 Jaghbub 1699 3155 888
1739 Kufra 1916 3252 1159
1740 Waddan 1551 3090 905
1741 Murzuk 1506 3059 948
1742 Sabha 1617 3099 965
1743 Ghat 1295 2919 476
1744 Ghadamis 1401 3007 920
1745 Cairo 2014 3296 908
1746 Dumyat 1996 3286 883
1747 Tanta 1973 3287 894
1748 Mansura 2019 3299 890
1749 Ziqaziq 2028 3304 895
1750 Giza 1984 3283 906
1751 Alexandria 1966 3282 883
1752 Matruh 1915 3256 894
1753 Sidi_Barrani 1869 3223 883
1754 Siwa 1858 3225 896
1755 Suez 2044 3309 902
1756 Al_Arish 2061 3321 888
1757 Sharm_al-Shaykh 2062 3335 927
1758 Farafra 1867 3218 1027
1759 Bawiti 1904 3260 940
1760 Mut 1960 3294 981
1761 Baris 1999 3292 1000
1762 Asyut 2017 3296 955
1763 Bani_Suwayf 2007 3286 925
1764 Minya 2006 3289 936
1765 Fayyum 1994 3287 916
1766 Aswan 2020 3296 1036
1767 Luxor 2057 3313 982
1768 Idfu 2063 3317 991
1769 Qina 2047 3310 969
1770 Qusayr 2049 3326 954
1771 Marsa_Alam 2034 3347 1024
1772 Ras_Gharib 2021 3312 923
1773 Aaiun 889 2651 965
1774 Dakhla 868 2601 1012
1775 Nouakchott 866 2570 1073
1776 Rosso 876 2567 1125
1777 Aleg 883 2582 1126
1778 Maghama 898 2616 1152
1779 Shingit 887 2630 1083
1780 Tichit 1732 3134 687
1781 Walata 911 2689 1055
1782 Bir_Murghayn 900 2643 1040
1783 Dakar 864 2543 1163
1784 Saint-Louis 874 2552 1141
1785 Banjul 871 2579 1181
1786 Linguere 877 2557 1151
1787 Diourbel 875 2554 1161
1788 Kaolack 870 2582 1174
1789 Podor 879 2563 1138
1790 Matam 886 2599 1163
1791 Bakel 895 2600 1176
1792 Ziguinchor 872 2569 1188
1793 Velingara 884 2579 1188
1794 Bamako 937 2681 1204
1795 Kayes 907 2635 1191
1796 Nioro 910 2646 1171
1797 Kita 918 2655 1197
1798 Bougouni 951 2697 1212
1799 Sikasso 984 2727 1193
1800 Segu 973 2704 1187
1801 Mourdiah 943 2684 1172
1802 Jenne 999 2734 1171
1803 Timbuktu 1003 2732 1136
1804 Bandiagara 1020 2755 1168
1805 Gao 1084 2814 1147
1806 Taoudenni 1992 3287 1113
1807 Tessalit 1139 2848 1130
1808 Niamey 1160 2845 1175
1809 Say 1144 2835 1189
1810 Dosso 1192 2862 1181
1811 Maradi 1239 2901 1160
1812 Agades 1277 2921 1128
1813 Arlit 1221 2891 1119
1814 Madama 1343 3009 1043
1815 Zinder 1355 2977 1165
1816 Kufe 1453 2984 1177
1817 Bilma 1426 2995 1103
1818 Massenya 1575 3079 1226
1819 Moundou 1556 3043 1246
1820 Bongor 1615 3066 1240
1821 Abeche 1612 3139 1179
1822 Am_Timan 1669 3139 1223
1823 Mongo 1651 3122 1207
1824 Mao 1544 3047 1174
1825 Zouar 1587 3092 1063
1826 Faya 1667 3164 1092
1827 Khartoum 2041 3308 1161
1828 Wad_Madani 2064 3322 1169
1829 Kassala 2082 3355 1169
1830 Sennar 2073 3333 1204
1831 Rabak 2045 3315 1205
1832 Fashoda 2018 3331 1236
1833 Suakin 2141 3380 1077
1834 Halaib 2091 3371 1037
1835 Dongola 1990 3283 1094
1836 Hayya 2015 3348 1063
1837 Atbara 2053 3337 1106
1838 Obeid 1977 3287 1181
1839 Nuhud 1920 3236 1201
1840 Kaduqli 1970 3273 1209
1841 Fasher 1810 3214 1197
1842 Junaynah 1771 3204 1122
1843 Waw 1826 3215 1261
1844 Bor 1943 3308 1279
1845 Yambio 1911 3273 1314
1846 Lado 1982 3312 1318
1847 Kapoeta 2068 3329 1301
1848 Asmara 2187 3410 1157
1849 Massawa 2185 3410 1129
1850 Akordat 2153 3392 1161
1851 Assab 2217 3444 1167
1852 Gonder 2161 3396 1184
1853 Debre_Tabor 2173 3405 1209
1854 Matamma 2112 3377 1190
1855 Debre_Markos 2119 3364 1231
1856 Aksum 2178 3405 1172
1857 Antalo 2193 3430 1190
1858 Awsa 2218 3445 1187
1859 Ankober 2164 3427 1243
1860 Awasa 2168 3400 1288
1861 Aselia 2195 3445 1266
1862 Bonga 2074 3345 1278
1863 Asosa 2092 3376 1252
1864 Negele 2134 3403 1332
1865 Harer 2219 3466 1228
1866 Goba 2188 3433 1302
1867 Werder 2227 3474 1277
1868 Mogadishu 2254 3510 1364
1869 Baidoa 2245 3509 1338
1870 Kismayo 2229 3458 1381
1871 Hobyo 2291 3559 1295
1872 Bosaso 2332 3591 1225
1873 Berbera 2272 3560 1250
1874 Zeyla 2258 3479 1227
1875 Djibuti 2241 3476 1205
1876 Cape_Verde 850 2431 1156
1877 Bissau 873 2561 1207
1878 Gabu 881 2588 1200
1879 Boffa 885 2586 1221
1880 Timbo 896 2600 1219
1881 Dinguiraye 915 2645 1209
1882 Kankan 913 2672 1243
1883 Beyla 919 2654 1255
1884 Freetown 899 2610 1264
1885 Falaba 896 2615 1245
1886 Bo 909 2624 1263
1887 Monrovia 912 2646 1295
1888 Harper 927 2666 1315
1889 Bopolu 917 2655 1270
1890 Gbarnga 921 2673 1287
1891 Zwedru 938 2667 1305
1892 Grand_Lahou 1013 2746 1310
1893 Sassandra 967 2696 1309
1894 Grand_Bassam 1043 2760 1311
1895 Bouake 992 2730 1278
1896 Man 953 2686 1291
1897 Akoupe 1026 2742 1282
1898 Kong 981 2725 1240
1899 Bondouku 1040 2758 1249
1900 Odienne 957 2692 1240
1901 Wagadugu 1069 2770 1207
1902 Wahiguya 1035 2761 1188
1903 Dori 1111 2806 1189
1904 Fada_Ngourma 1124 2831 1200
1905 Bobo_Dioulasso 1025 2741 1220
1906 Orodaro 1007 2735 1209
1907 Accra 1126 2820 1300
1908 Cape_Coast 1100 2795 1312
1909 Sekondi 1071 2779 1317
1910 Kumasi 1058 2766 1298
1911 Kintampo 1063 2770 1274
1912 Wa 1070 2783 1230
1913 Tamale 1104 2796 1235
1914 Lome 1155 2821 1292
1915 Ho 1140 2813 1265
1916 Yendi 1128 2807 1232
1917 Atakpame 1149 2829 1266
1918 Sokode 1141 2817 1237
1919 Cotonou 1175 2836 1291
1920 Abomey 1172 2840 1278
1921 Nikki 1186 2856 1217
1922 Jugu 1158 2827 1223
1923 Lagos 1198 2876 1295
1924 Abeokuta 1197 2859 1277
1925 Ibadan 1195 2855 1267
1926 Ife 1216 2873 1280
1927 Ilorin 1212 2876 1256
1928 Benin 1235 2903 1294
1929 Akure 1243 2900 1272
1930 Lokoja 1283 2910 1274
1931 Warri 1249 2906 1308
1932 Bonny 1276 2919 1323
1933 Awka 1290 2920 1301
1934 Calabar 1324 2940 1312
1935 Aruchukwu 1311 2925 1293
1936 Makurdi 1312 2928 1283
1937 Tukari 1394 2970 1272
1938 Bussa 1196 2873 1226
1939 Zaria 1278 2923 1224
1940 Bida 1234 2906 1236
1941 Abuja 1294 2917 1266
1942 Bauchi 1371 2967 1226
1943 Jos 1361 2946 1250
1944 Gombe 1423 2994 1231
1945 Kano 1333 2944 1215
1946 Kebbi 1214 2873 1198
1947 Katsina 1302 2920 1211
1948 Sokoto 1226 2898 1197
1949 Hadejia 1385 2958 1209
1950 Yola 1448 3002 1250
1951 Kuka 1498 3006 1212
1952 Nguru 1422 2973 1213
1953 Dikoa 1522 3016 1219
1954 Sao_Tome 1289 2909 1394
1955 Fernando_Po 1366 2942 1345
1956 Douala 1399 2968 1332
1957 Buea 1372 2944 1319
1958 Kribi 1420 2965 1347
1959 Yaounde 1434 2995 1334
1960 Bafoussam 1414 3001 1306
1961 Bamenda 1449 2981 1284
1962 Bertoua 1509 3012 1340
1963 Ngaoundere 1486 3008 1273
1964 Maroua 1523 3026 1225
1965 Bangui 1625 3105 1309
1966 Nola 1565 3053 1316
1967 Bouar 1573 3063 1302
1968 Bossangoa 1632 3082 1280
1969 Zemio 1806 3187 1283
1970 Bangassou 1722 3139 1295
1971 Ndele 1690 3158 1255
1972 Libreville 1381 2962 1395
1973 Bata 1402 2978 1377
1974 Mayumbe 1387 2964 1426
1975 Moanda 1439 2979 1418
1976 Makokou 1427 3020 1386
1977 Nkuna 1562 3039 1447
1978 Madingou 1475 3001 1448
1979 Biloka 717 1902 1173
1980 Djambala 1546 3056 1406
1981 Impfondo 1532 3043 1386
1982 Kinshasa 1533 3047 1477
1983 Boma 1504 3009 1477
1984 Kananga 1715 3156 1474
1985 Kumbana 1626 3083 1473
1986 Lusambo 1812 3182 1471
1987 Bunkeya 1872 3219 1554
1988 Mussumba 1770 3164 1539
1989 Munza 1856 3239 1498
1990 Nyangwe 1855 3225 1463
1991 Uvira 1912 3248 1429
1992 Basoko 1783 3173 1397
1993 Irebu 1619 3131 1405
1994 Nsheng 1643 3147 1446
1995 Gemena 1656 3114 1342
1996 Kisangani 1800 3191 1358
1997 Mungbane 1886 3240 1354
1998 Baramo 1792 3221 1326
1999 Luanda 1526 3022 1530
2000 Cabinda 1491 2999 1476
2001 Mbanza 1507 3057 1516
2002 Quibala 1557 3045 1559
2003 Benguela 1524 3033 1585
2004 Mocamedes 1478 3008 1627
2005 Huambo 1529 3043 1612
2006 Kuito 1596 3082 1632
2007 Mavinga 1677 3112 1635
2008 Ondjiva 1530 3044 1668
2009 Malanje 1595 3060 1544
2010 Saurimo 1652 3136 1534
2011 Kubanda 1683 3113 1583
2012 Lusaka 1887 3232 1642
2013 Mongu 1778 3156 1642
2014 Kasempa 1777 3218 1621
2015 Monzo 1865 3206 1667
2016 Kazembe 1978 3297 1599
2017 Kasema 1947 3271 1572
2018 Chipata 1998 3311 1611
2019 Entebbe 2008 3298 1383
2020 Mbarara 1975 3277 1397
2021 Masindi 2010 3319 1364
2022 Kitgum 2051 3322 1349
2023 Jinja 2069 3326 1378
2024 Nairobi 2131 3375 1396
2025 Marsabit 2145 3389 1352
2026 Lodwar 2089 3373 1374
2027 Nakuru 2113 3389 1430
2028 Kisumu 2086 3345 1395
2029 Mombasa 2203 3426 1453
2030 Lamu 2212 3444 1429
2031 Wajir 2196 3437 1344
2032 Garissa 2174 3434 1406
2033 Voi 2179 3402 1455
2034 Kigali 1957 3283 1426
2035 Usumbura 1962 3280 1447
2036 Dar_Es_Salaam 2194 3410 1492
2037 Tanga 2175 3404 1467
2038 Kilwa 2198 3416 1530
2039 Lindi 2207 3424 1557
2040 Songea 2098 3352 1553
2041 Masasi 2142 3382 1559
2042 Iringa 2039 3324 1538
2043 Tabora 1997 3329 1468
2044 Mwanza 2001 3295 1441
2045 Morogoro 2087 3355 1485
2046 Ujiji 1976 3287 1499
2047 Arusha 2070 3384 1450
2048 Zanzibar 2205 3420 1497
2049 Lourenzo_Marques 2043 3310 1810
2050 Chaimate 2026 3305 1774
2051 Inhambane 2042 3332 1757
2052 Massekisse 2052 3325 1726
2053 Sena 2096 3346 1674
2054 Tete 2054 3324 1639
2055 Songo 2022 3312 1654
2056 Zumbo 2002 3298 1639
2057 Sofala 2081 3357 1705
2058 Mossurize 2071 3336 1678
2059 Quelimane 2127 3379 1683
2060 Mocambique 2209 3437 1622
2061 Angoche 2166 3420 1659
2062 Shangzhou 2836 4520 815
2063 Ibo 2169 3425 1587
2064 Nampula 2150 3417 1635
2065 Milange 2121 3379 1657
2066 Zomba 2095 3349 1631
2067 Lilongwe 2065 3333 1585
2068 Harare 1964 3291 1692
2069 Gweru 1954 3281 1708
2070 Mutare 2011 3317 1694
2071 Bulawayo 1908 3251 1740
2072 Hwange 1871 3217 1696
2073 Masvingo 1985 3302 1741
2074 Gaborone 1816 3176 1804
2075 Serowe 1841 3233 1745
2076 Nokaneng 1744 3188 1715
2077 Tsabong 1723 3145 1816
2078 Windhoek 1591 3060 1758
2079 Swakopmund 1479 3007 1695
2080 Tsumeb 1521 3044 1701
2081 Linyati 1742 3177 1683
2082 Otjinene 1649 3117 1716
2083 Walvis_Bay 1566 3035 1768
2084 Angra_Pequena 1567 3050 1797
2085 Nu-gouses 1623 3082 1789
2086 Karasburg 1647 3110 1837
2087 Cape_Town 1659 3095 1916
2088 Springbok 1627 3089 1896
2089 Worcester 1694 3115 1955
2090 Swettenham 1687 3124 1963
2091 Mossel_Bay 1756 3168 1958
2092 Beaufort 1753 3171 1931
2093 Calvinia 1670 3133 1887
2094 Kimberley 1780 3187 1852
2095 Dikathong 1724 3185 1829
2096 Port_Elizabeth 1820 3185 1943
2097 Graaf_Reinet 1836 3205 1917
2098 Bisho 1878 3220 1941
2099 Mathele 1900 3220 1915
2100 Umtata 1907 3256 1901
2101 Bloemfontein 1839 3213 1873
2102 Winburg 1899 3262 1853
2103 Philippolis 1832 3200 1889
2104 Thaba_Bosiu 1929 3243 1879
2105 Pretoria 1935 3253 1811
2106 Witwatersrand 1919 3247 1824
2107 Klerksdorp 1859 3231 1813
2108 Mosega 1895 3239 1779
2109 Lydenburg 1948 3259 1833
2110 Thohoyandu 1979 3282 1767
2111 Durban 1907 3264 1895
2112 Ladysmith 1958 3273 1855
2113 Ulundi 1991 3297 1854
2114 Mbabane 2016 3293 1826
2115 Tananarive 2300 3541 1695
2116 Fianarantsoa 2296 3542 1737
2117 Ampanihy 2276 3531 1794
2118 Tolanaro 2316 3551 1757
2119 Toamasina 2336 3570 1691
2120 Antsiranana 2341 3573 1630
2121 Mahajanga 2289 3537 1653
2122 Toliara 2267 3509 1722
2123 Comoros 2265 3482 1583
2124 Mayotte 2225 3511 1602
2125 Mauritius 2410 3710 1718
2126 Bourbon 2395 3670 1735
2127 Seychelles 2352 3643 1481
2128 Diego_Garcia 2482 3937 1520
2129 Saint_Helena 1000 2720 1652
2130 Ascension 893 2584 1523
2131 Falkland_Islands 695 1873 2083
2132 Tristan_da_Cunha 902 2623 1955
2133 South_Georgia 825 2239 2134
2134 Azores 844 2407 765
2135 Madeira 865 2539 856
2136 Canary_Islands 863 2563 942
2137 Hermosillo 153 1094 728
2138 Loreto 136 1065 791
2139 Rosarito 124 1003 693
2140 Nogales 135 1060 707
2141 Guaymas 154 1082 742
2142 Chihuahua 172 1143 728
2143 Paso_del_Norte 174 1158 707
2144 Delicias 187 1161 733
2145 Parral 167 1132 743
2146 D.C. 471 1605 548
2147 Morelos 203 1201 730
2148 Reynosa 169 1117 624
2149 Matamoros 224 1245 761
2150 Ciudad_Victoria 226 1249 795
2151 Saltillo 222 1243 812
2152 Monclova 202 1220 759
2153 Durango 183 1171 823
2154 Santa_Maria_del_Oro 185 1175 797
2155 Torreon 204 1203 786
2156 Mazatlan 181 1149 813
2157 Culiacan 166 1126 795
2158 Zacatecas 197 1206 833
2159 San_Luis_Potosi 211 1249 846
2160 Aguascalientes 195 1201 847
2161 Tepic 184 1169 851
2162 Veracruz 249 1290 874
2163 Tampico 238 1276 860
2164 Minatitlan 259 1326 916
2165 Villahermosa 259 1343 913
2166 Guadalajara 194 1192 870
2167 Guanajuato 213 1238 859
2168 Puerto_Vallarta 158 1170 876
2169 Colima 192 1177 889
2170 Morelia 210 1227 897
2171 Los_Albaniles 206 1204 906
2172 Mexico_City 236 1262 889
2173 Queretaro 230 1247 872
2174 Toluca 230 1252 882
2175 Tulancingo 241 1278 895
2176 Puebla 237 1272 910
2177 Oaxaca 246 1285 932
2178 Collataro 243 1317 940
2179 Acapulco 229 1249 929
2180 Chilpancingo 228 1261 916
2181 Tuxtla 275 1347 930
2182 Tapachula 281 1363 959
2183 Merida 309 1405 868
2184 Campeche 289 1398 889
2185 Bacalar 318 1433 880
2186 Guatemala 304 1400 973
2187 Quetzaltenango 291 1383 956
2188 Puerto_Barrios 306 1417 953
2189 Sayaxche 303 1411 925
2190 Belize 323 1420 921
2191 San_Salvador 313 1412 982
2192 San_Miguel 326 1424 988
2193 Comayagua 335 1441 970
2194 San_Pedro_Sula 322 1430 974
2195 La_Ceiba 337 1471 968
2196 Puerto_Lempira 370 1484 953
2197 Managua 349 1478 996
2198 Rivas 355 1480 1008
2199 Len 338 1467 988
2200 Bluefields 379 1498 1014
2201 San_Jose 359 1488 1042
2202 Liberia 358 1480 1031
2203 Limon 383 1510 1050
2204 Panama_City 423 1568 1057
2205 David 392 1518 1065
2206 Penonome 406 1550 1069
2207 Sainshand 2821 4537 626
2208 Yaviza 441 1589 1079
2209 Havana 367 1524 832
2210 Jagua 397 1567 847
2211 Camaguey 440 1606 862
2212 Santiago_de_Cuba 467 1639 876
2213 Port_Au_Prince 511 1679 905
2214 Santo_Domingo 574 1716 903
2215 Cap_Haitien 526 1682 897
2216 La_Vega 548 1692 911
2217 Jamaica 454 1591 909
2218 Cayman_Islands 401 1537 893
2219 Bahamas 443 1595 814
2220 Turks_And_Caicos 537 1688 851
2221 Nanjing 2980 4662 867
2222 Puerto_Rico 615 1779 909
2223 Saint_Thomas 641 1799 908
2224 Antigua 683 1842 929
2225 Montserrat 610 1835 941
2226 Tortola 646 1810 903
2227 Saint_Kitts 610 1820 930
2228 Martinique 693 1856 971
2229 Barbados 707 1877 995
2230 Guadeloupe 684 1844 945
2231 Saint_Lucia 694 1855 983
2232 Dominica 689 1850 958
2233 Grenada 681 1843 1012
2234 Curacao 500 1739 1008
2235 Aruba 500 1716 1003
2236 Saint_Martin 657 1824 913
2237 Trinidad 686 1849 1034
2238 Tobago 666 1857 1026
2239 Georgetown 715 1894 1109
2240 Paramaribo 736 1924 1114
2241 Cayenne 754 1968 1118
2242 Mahdia 692 1862 1106
2243 Essequibo 701 1886 1092
2244 Christmas_Island 2702 4458 1567
2245 Apetina 727 1946 1133
2246 Maripasoula 750 1969 1138
2247 Bogota 509 1648 1123
2248 Ibagu? 491 1640 1139
2249 Tunja 514 1699 1096
2250 Manizales 488 1635 1117
2251 Cucuta 512 1662 1076
2252 Medellin 477 1614 1099
2253 Quibdo 464 1604 1105
2254 Cartagena_de_Indias 481 1632 1050
2255 Barranquilla 501 1643 1037
2256 Cali 473 1623 1133
2257 Popayan 469 1605 1165
2258 Buenaventura 444 1599 1157
2259 Pasto 451 1608 1189
2260 San_Jose_del_Guaviare 489 1625 1182
2261 Obando 546 1707 1200
2262 Casanare 510 1661 1143
2263 El_Encanto 482 1700 1231
2264 Caracas 606 1764 1041
2265 Guanare 579 1721 1058
2266 Calabozo 602 1758 1064
2267 Cumana 633 1789 1046
2268 San_Felipe 591 1746 1042
2269 Guiria 649 1816 1039
2270 Maracaibo 529 1674 1041
2271 Valera 539 1681 1081
2272 Coro 557 1698 1036
2273 Barquisimeto 567 1724 1038
2274 Barinas 544 1715 1084
2275 Angostura 638 1830 1082
2276 Curiapo 652 1821 1052
2277 El_Jobal 603 1765 1111
2278 San_Fernando_de_Atabapo 607 1800 1174
2279 Quito 430 1575 1219
2280 Guayaquil 410 1552 1241
2281 Esmereldas 412 1574 1193
2282 Loja 417 1571 1243
2283 Zamora 434 1576 1265
2284 Tena 452 1619 1223
2285 Galapagos 295 1384 1217
2286 Iquitos 485 1644 1311
2287 Yurimaguas 449 1612 1286
2288 Yuncos 460 1616 1273
2289 Puca_Urco 495 1660 1237
2290 Cajamarca 435 1594 1319
2291 Piura 404 1545 1274
2292 Trujillo 414 1564 1311
2293 Huanuco 470 1610 1359
2294 Moyobamba 438 1602 1299
2295 Lima 472 1619 1400
2296 Huancavelica 483 1625 1385
2297 Ica 487 1624 1432
2298 Huaraz 447 1595 1351
2299 Ayacucho 504 1660 1443
2300 Pucallpa 479 1667 1369
2301 Puerto_Maldonado 540 1720 1390
2302 Cusco 517 1689 1439
2303 Puno 563 1710 1455
2304 Arequipa 530 1670 1461
2305 Antofagasta 568 1744 1586
2306 Sorocaba 780 2037 1576
2307 Iquique 577 1725 1522
2308 Arica 575 1721 1495
2309 Calama 572 1740 1562
2310 La_Paz 585 1729 1488
2311 Cochabamba 622 1794 1489
2312 Oruro 594 1735 1503
2313 Chuquisaca 626 1802 1523
2314 Potosi 596 1748 1540
2315 Tarija 636 1826 1544
2316 Santa_Cruz 644 1809 1474
2317 San_Ignacio 653 1849 1471
2318 Robore 676 1887 1488
2319 Santa_Ana 609 1777 1450
2320 Riberalta 623 1816 1421
2321 Cobija 587 1745 1404
2322 Copiapo 560 1725 1642
2323 La_Serena 556 1700 1687
2324 Santiago 561 1706 1763
2325 Valparaiso 541 1691 1757
2326 Vina_del_Mar 554 1694 1728
2327 Talca 542 1703 1801
2328 Valdivia 522 1664 1875
2329 Temuco 521 1663 1837
2330 Cauquenes 531 1680 1794
2331 Chillan 535 1692 1829
2332 Osorno 508 1662 1900
2333 Puerto_Aisen 493 1646 1976
2334 Punta_Arenas 505 1694 2113
2335 Porvenir 549 1723 2096
2336 Easter_Island 165 1098 1648
2337 Fortin_Falcon 672 1871 1586
2338 Puerto_Guarani 674 1881 1538
2339 Asuncion 732 1914 1620
2340 Pilar 719 1903 1640
2341 Encarnacion 739 1947 1622
2342 San_Pedro 735 1952 1597
2343 Concepcion 730 1913 1579
2344 Montevideo 737 1933 1775
2345 Paysandu 724 1935 1737
2346 Tacuarembo 731 1943 1722
2347 Melo 742 1965 1745
2348 Buenos_Aires 711 1890 1781
2349 Junin 671 1858 1767
2350 Azul 690 1856 1800
2351 La_Plata 714 1903 1826
2352 Mar_del_Plata 697 1871 1846
2353 Trenque_Lauquen 661 1825 1790
2354 Bahia_Blanca 669 1834 1850
2355 Carmen 662 1823 1865
2356 Corrientes 713 1909 1659
2357 Curuzu_Cuatia 709 1883 1689
2358 Santo_Tomas 720 1929 1664
2359 Colon 710 1893 1714
2360 Parana 703 1870 1743
2361 Santa_Espiritu 679 1865 1714
2362 Reconquista 682 1873 1670
2363 Rosario 670 1835 1768
2364 Resistencia 700 1867 1634
2365 Villa_Angela 660 1857 1617
2366 Formosa 702 1901 1618
2367 Xolotas 677 1863 1599
2368 Salta 618 1779 1606
2369 Jujuy 630 1800 1590
2370 Cochinoca 599 1765 1585
2371 Equia 631 1807 1572
2372 Rivadavia 651 1816 1601
2373 Tucuman 629 1785 1655
2374 Catamarca 619 1784 1679
2375 Vinchina 595 1737 1650
2376 Santiago_del_Estero 637 1796 1670
2377 Anatuya 655 1819 1639
2378 Mailin 642 1802 1681
2379 Cordoba_de_Argentina 632 1789 1709
2380 Villa_Nueva 658 1821 1703
2381 Rio_Cuarto 639 1820 1734
2382 Renanco 640 1794 1759
2383 San_Luis 614 1763 1733
2384 Mercedes 621 1783 1769
2385 La_Rioja 586 1740 1671
2386 Santa_Rita 620 1774 1693
2387 San_Juan 588 1731 1716
2388 Calingasta 569 1720 1687
2389 Mendoza 578 1725 1758
2390 San_Rafael 570 1758 1792
2391 Neuqun 550 1726 1837
2392 Viedma 604 1795 1882
2393 Telen 625 1798 1816
2394 Bariloche 552 1732 1898
2395 Curaco 600 1771 1838
2396 Rawson 573 1774 1920
2397 Esquel 547 1716 1973
2398 Puerto_Deseado 545 1752 1993
2399 Rio_Gallegos 524 1711 2072
2400 Rio_Grande 598 1742 2124
2401 Marabitanas 571 1761 1214
2402 Manaus 685 1867 1224
2403 Cachoeira 616 1795 1229
2404 Tefe 582 1793 1318
2405 Borba 667 1879 1297
2406 Cocos_Islands 2993 4674 1017
2407 Tabatinga 520 1681 1300
2408 Oriximina 699 1922 1181
2409 Saint_Vincent 691 1851 995
2410 Belem 768 2045 1276
2411 Santarem 725 1934 1244
2412 Obidos 716 1953 1209
2413 Maraba 748 2018 1303
2414 Cizre_-_Jezira 2226 3470 767
2415 Macapa 762 2008 1194
2416 Dourados 728 1933 1546
2417 Vila_Bela 687 1889 1402
2418 Cuiaba 743 1962 1455
2419 Corumba 726 1961 1537
2420 Iguatemi 729 1948 1586
2421 Vila_Boa 764 2006 1495
2422 Aganja 769 2021 1440
2423 Palmas 775 2040 1356
2424 Sao_Luis 791 2097 1253
2425 Chapada 785 2080 1316
2426 Teresina 806 2159 1269
2427 Oeiras 795 2110 1349
2428 Paraiba 826 2221 1316
2429 Fortaleza 814 2209 1276
2430 Crato 816 2199 1296
2431 Natal 827 2227 1293
2432 Recife 828 2222 1341
2433 Cabrobo 815 2177 1340
2434 Maceio 829 2225 1355
2435 Aracaju 830 2221 1366
2436 Salvador_de_Bahia 821 2192 1389
2437 Juazeiro 802 2149 1365
2438 Vila_do_Barra 792 2098 1427
2439 Porto_Seguro 820 2193 1455
2440 Vitoria_da_Conquista 803 2173 1418
2441 Ouro_Preto 804 2155 1521
2442 Sabara 794 2114 1507
2443 Januaria 796 2150 1461
2444 Paracatu 789 2092 1493
2445 Uberaba 774 2032 1514
2446 Sao_Joao_del_Rey 790 2086 1546
2447 Rio_de_Janeiro 799 2132 1568
2448 Campos 809 2153 1548
2449 Vitoria 813 2179 1509
2450 Sao_Paulo 786 2083 1582
2451 Santos 793 2104 1574
2452 Campinas 783 2074 1558
2453 Assis 766 2023 1566
2454 Fiji 3311 5599 1667
2455 Iguape 784 2070 1597
2456 Araraquara 773 2041 1552
2457 Curitiba 776 2033 1614
2458 Guarapuava 751 1968 1602
2459 Lajes 771 2022 1637
2460 Castro 760 2002 1588
2461 Desterro 778 2039 1643
2462 Sao_Miguel 759 1975 1634
2463 Porto_Alegre 770 2005 1684
2464 Pelotas 758 1997 1714
2465 Passo_Fundo 747 1957 1661
2466 Santa_Maria 740 1934 1687
2467 Alegrete 734 1933 1701
2468 Sydney 3236 5158 1965
2469 Newcastle 3237 5170 1931
2470 Port_Macquarie 3240 5183 1880
2471 Ophir 3229 5144 1948
2472 Eden 3227 5135 1993
2473 Wagga_Wagga 3203 5097 1964
2474 Moree 3221 5123 1923
2475 Broken_Hill 3186 5026 1894
2476 Melbourne 3206 5072 2022
2477 Warmambool 3188 5030 2026
2478 Ballarat 3199 5049 2012
2479 Sale 3214 5105 2025
2480 Beechworth 3213 5095 2006
2481 Swan_Hill 3187 5024 1988
2482 Tasmania 3205 5096 2108
2483 Brisbane 3242 5191 1856
2484 Gladstone 3232 5172 1802
2485 Clermont 3218 5125 1784
2486 Toowoomba 3230 5160 1843
2487 Townsville 3207 5092 1724
2488 Cooktown 3190 5045 1675
2489 Longreach 3158 5017 1742
2490 Charleville 3185 5075 1833
2491 Adelaide 3148 4999 1967
2492 Port_Lincoln 3130 4929 1949
2493 Robe 3165 4994 1995
2494 Port_Augusta 3150 4967 1941
2495 Oodnadatta 3099 4868 1862
2496 Tarcoola 3100 4859 1899
2497 Perth 2920 4639 1917
2498 Kojonup 2937 4642 1966
2499 Geraldton 2909 4613 1903
2500 Kalgoorlie 2975 4699 1876
2501 Broome 3027 4791 1654
2502 Dampier 2889 4625 1844
2503 Wiluna 2961 4760 1850
2504 Esperance 2982 4726 1932
2505 Palmerston 3102 4866 1632
2506 Tennant_Creek 3096 4892 1651
2507 Alice_Springs 3098 4934 1810
2508 Norfolk_Island 3286 5432 1874
2509 Auckland 3304 5523 1942
2510 New_Plymouth 3306 5533 2011
2511 Napier 3310 5566 2009
2512 Wellington 3307 5548 2035
2513 Dunedin 3280 5452 2122
2514 Hokitika 3289 5442 2108
2515 Christchurch 3295 5470 2095
2516 Nelson 3299 5509 2055
2517 Guam 3209 5064 1181
2518 Palau 3117 4906 1276
2519 Yap 3153 4989 1238
2520 Taveuni 11 18 1691
2521 Saipan 3201 5080 1131
2522 Marshall_Islands 3266 5410 1215
2523 Nauru 3281 5415 1406
2524 Wake 3278 5410 1085
2525 Marcus 3208 5216 1007
2526 Palmyra 39 275 1296
2527 Gilbert_Islands 3302 5505 1375
2528 Port_Moresby 3129 4963 1472
2529 Kerema 3181 5045 1504
2530 Lae 3184 5097 1493
2531 Madang 3183 5027 1456
2532 Forte_Sao_Joaquim 645 1839 1168
2533 Targu_Mures 1847 3201 604
2534 Solomon_Islands 3258 5267 1531
2535 New_Hebrides 3279 5411 1644
2536 Santa_Cruz_Islands 3277 5411 1583
2537 New_Britain 3225 5161 1490
2538 Novi_Sad 1689 3106 614
2539 Bougainville 3251 5223 1489
2540 Tonga 11 75 1738
2541 Ellice_Islands 3294 5589 1528
2542 Wallis_and_Futuna 16 30 1627
2543 Apia 23 115 1614
2544 Pago_Pago 11 173 1623
2545 Rarotonga 41 347 1718
2546 Tongareva 34 229 1583
2547 Tokelau 24 120 1538
2548 Niue 11 157 1704
2549 Tarauaca 518 1719 1353
2550 Forte_do_Principe 634 1834 1401
2551 Marquesas 61 642 1557
2552 Pitcairn 60 778 1811
2553 Tuamotus 57 542 1652
2554 Posadas 746 1942 1655
2555 Augusta 381 1518 660
2556 Asheville 377 1509 615
2557 Esbjerg 1346 2954 404
2558 De_Aar 1781 3164 1893
2559 Suhaj 2029 3303 972
2560 Darmstadt 1359 2947 532
2561 Siegburg 1308 2920 514
2562 Tainan 3017 4692 1021
2563 Safi 931 2676 862
2564 Salima 1868 3258 1054
2565 Cebu 3043 4739 1234
2566 Agartala 2667 4255 1023
2567 Gaeta 1525 3024 694
2568 Lugano 1365 2940 602
2569 Niksic 1674 3098 669
2570 Beauvais 1177 2848 541
2571 Tauranga 3308 5557 1992
2572 Nan 2725 4363 1086
2573 Mboul 869 2549 1150
2574 Mochudi 1842 3195 1788
2575 Ipoh 2746 4387 1319
2576 Natuna 2811 4494 1339
2577 Pljevlja 1696 3119 672
2578 Tacna 562 1717 1484
2579 Truk 3231 5149 1257
2580 Stara_Ladoga 2027 3301 317
2581 Mataka 2103 3363 1598
2582 Kotor 1675 3098 677
2583 Cetinje 1682 3106 673
2584 Bielsko 1679 3105 539
2585 Matan_as_Sarah 1691 3165 982
2586 Al-Ahsa 2351 3611 1038
2587 Kola 2009 3399 113
2588 Onega 2099 3423 228
2589 Shoyna_-_Tsushima 3101 4825 827
2590 Ugolnoye 1006 2724 800
2591 Holsteinsborg 2591 4050 1223
2592 Ungava 418 1598 57
2593 Fort_George 421 1601 219
2594 Pickle 268 1412 278
2595 Nunavut 265 1392 14
2596 Fort_Resolution 175 1203 79
2597 Fort_Vermilion 111 992 177
2598 Fort_Liard 85 868 44
2599 Fairbanks 42 435 30
2600 Altamira 721 1920 1304
2601 Sandy_Desert 2958 4728 1742
2602 Roebourne 2903 4624 1762
2603 Tanami 3097 4928 1723
2604 Normanton 3157 5007 1690
2605 Gibson's_Desert 2959 4786 1826
2606 Zhambyl 2477 3991 574
2607 Lop_Nur 2614 4165 745
2608 Khatgal 2654 4306 576
2609 Araouane 987 2775 1080
2610 Uralsk 2344 3637 529
2611 Turgay 2432 3782 510
2612 Aktash 2445 3828 564
2613 Nyda 2486 3917 174
2614 Mordiyakha 2436 3803 382
2615 Krasnoselkup 2515 4012 232
2616 Tilichiki 3273 5415 246
2617 Saghalian_Oula 3108 4934 521
2618 Talaya 3234 5185 315
2619 Abiy 3178 5084 84
2620 Syasir 3202 5137 179
2621 Srednekolymsk 3217 5180 83
2622 Markovo 3272 5418 121
2623 Midway_Island 7 40 932
2624 Loango 1465 2987 1461
2625 Port_Hope_Simpson 654 1880 270
2626 Port_Harrison 450 1664 168
2627 Fort_Chimo 439 1586 500
2628 Attawapiskat 292 1372 968
2629 Beatton_River 79 864 128
2630 Cordova 56 586 60
2631 Unalakeet 19 265 51
2632 Ammassalik 2845 4531 1056
2633 Ossora 3250 5280 353
2634 Rassvet 3297 5517 145
2635 Kariba 1953 3269 1672
2636 Egedesminde 757 2076 35
2637 Novo_Mariinsk 3291 5498 97
2638 Omsukchan 3245 5227 208
2639 Susuman 3210 5095 295
2640 Gwadar 2440 3781 986
2641 Ayan 3111 4901 397
2642 Ust_Nera 3128 5029 237
2643 Honuu 3163 4999 119
2644 Olyekminsk 2965 4705 371
2645 Chilchi 2882 4582 354
2646 Ases_Igan 2532 4005 270
2647 Yansk 3052 4751 1545
2648 Yakutsk 3056 4869 230
2649 Zhigansk 2967 4762 141
2650 Nyurba 2906 4668 240
2651 Udanchniy 2804 4541 239
2652 Kular 2954 4722 79
2653 Saskylah 2797 4512 30
2654 Khatanga 2689 4405 37
2655 Tura 2650 4331 225
2656 Tayimba 2670 4328 266
2657 Svetlogorsk 2585 4055 56
2658 Kheta 2443 3793 424
2659 Napalkovo 2514 3998 60
2660 Bereyezovka 3238 5211 112
2661 Nizhnekolymsk 3261 5294 71
2662 Cherskiy 170 1109 674
2663 Kamenskoye 3270 5362 191
2664 Khasab 2396 3684 987
2665 Chokurdakh 3119 4986 91
2666 Pevek 3275 5434 59
2667 Bulun 3050 4792 89
2668 Verkhoyansk 3079 4925 157
2669 Amga 1390 2952 605
2670 Tiksi 2767 4479 500
2671 Zhilinda 2827 4604 437
2672 Pokrovsk 3055 4873 195
2673 Olenyok 2785 4600 126
2674 Essey 2640 4203 484
2675 Yekonda 2789 4506 316
2676 Kirensk 2825 4505 388
2677 Dotkon 2744 4399 370
2678 Bulgan 2710 4387 528
2679 Khovd 2641 4276 618
2680 Dudinka 2630 4209 72
2681 Kikkiakki 3020 4704 991
2682 Aksarka 2444 3811 174
2683 Bakchar 2541 4010 351
2684 Yar_Sale 2466 3908 141
2685 Muzhi 2422 3732 324
2686 Ishim 2544 4039 437
2687 Amderma 2373 3799 108
2688 Inta 2389 3703 118
2689 Mulda 2385 3733 233
2690 Verkhniy_Ufaley 2493 3935 269
2691 Vorgovo 2661 4242 434
2692 Kostino 2605 4153 250
2693 Uchami 2651 4285 93
2694 Vanavara 2736 4394 292
2695 Mukhtuya 2851 4552 305
2696 Aldan 3039 4738 350
2697 Magdagachi 3057 4828 432
2698 Slavgorod 2625 4170 428
2699 Izhma 2368 3650 180
2700 Usogorsk 2358 3630 272
2701 Surinda 2682 4320 383
2702 Aralsk 2408 3776 607
2703 Vnern 1502 3016 339
2704 Vttern 1552 3032 352
2705 Gulf_of_Bothnia 1671 3160 209
2706 lands_Hav 1584 3115 281
2707 Gulf_of_Finland 1788 3229 316
2708 Western_Baltic_Sea 1608 3085 357
2709 Gulf_of_Riga 1653 3131 362
2710 Southern_Baltic_Sea 1508 3046 421
2711 resund 1405 2979 403
2712 Kattegat 1314 2956 361
2713 Peipsi_Jrv 1918 3233 346
2714 Ladoga 1798 3298 300
2715 Onega 2066 3361 280
2716 White_Sea 1861 3446 54
2717 Lofoten_Sea 1443 3058 49
2718 Northern_Norwegian_Sea 1207 2943 165
2719 Southern_Norwegian_Sea 1181 2863 306
2720 Skagerrak 1227 2899 392
2721 Helgoland_Bight 1228 2915 439
2722 Coast_of_Holland 1185 2870 465
2723 Dogger_Bank 1148 2845 497
2724 Straits_of_Dover 1095 2805 528
2725 The_Channel 1015 2751 540
2726 Lands_End 956 2707 519
2727 Coast_of_Britanny 962 2713 565
2729 Cote_D'Argent 1032 2764 646
2730 Bay_of_Biscay 945 2696 603
2732 Tyne 1080 2818 444
2733 Firth_of_Forth 1046 2795 387
2734 The_North_Sea 1153 2846 407
2735 Moray_Firth 1017 2802 332
2736 North_Channel 928 2695 347
2737 Irish_Sea 974 2734 456
2738 St._George's_Channel 954 2703 495
2739 Donegal_Bay 888 2631 408
2740 Dingle_Bay 880 2609 474
2741 Celtic_Sea 891 2633 531
2742 Western_Approaches 903 2637 589
2743 Finisterre_Bay 905 2642 652
2745 Gulf_of_Cadiz 897 2634 782
2746 Straits_of_Gibraltar 993 2716 800
2747 Gulf_of_Almeira 1012 2781 795
2748 Gulf_of_Valencia 1119 2817 747
2749 Gulf_of_Lion 1171 2863 702
2750 Cote_D'Azur 1246 2907 686
2751 Ligurian_Sea 1316 2951 660
2752 Gulf_of_Mallocra 1162 2860 746
2753 Western_Mediterranean 1582 3051 755
2754 Barbary_Coast 1150 2859 772
2755 Cape_Bon 1247 2931 763
2756 Tyrrenean_Sea 1351 2949 700
2757 Bay_of_Naples 1404 2996 715
2758 Gulf_of_Gabes 1433 2988 776
2759 Malta_Channel 1425 3002 822
2760 Straits_of_Messina 1589 3098 758
2761 Gulf_of_Venice 1496 3009 626
2762 Adriatic_Sea 1503 3043 666
2763 Straits_of_Otranto 1662 3101 718
2764 Gulf_of_Taranto 1500 3017 785
2765 Ionian_Sea 1590 3085 876
2766 Gulf_of_Sirte 1543 3076 827
2767 Gulf_of_Tobruk 1712 3165 822
2768 Bay_of_Alexandria 1881 3265 843
2769 Palestinian_Coast 2032 3332 852
2770 Gulf_of_Cyprus 2005 3323 803
2771 Sea_of_Crete 1819 3209 802
2772 Aegean_Sea 1797 3192 740
2773 Sea_of_Marmara 1896 3248 712
2774 Gulf_of_Varna 1933 3276 669
2775 Gulf_of_Odessa 1983 3317 644
2776 Sea_of_Azov 2084 3378 614
2777 Eastern_Black_Sea 2109 3398 678
2778 Lake_Balaton 1628 3082 596
2779 Caspian_Sea 2321 3601 700
2780 Aral_Sea 2425 3742 635
2781 Gulf_of_Suez 2056 3363 989
2782 Red_Sea 2160 3440 1125
2783 Straits_of_Obokk 2269 3487 1199
2784 Bal_el_Mandeb 2252 3552 1202
2785 Coast_of_Mascate 2371 3707 1116
2786 Gulf_of_Oman 2409 3731 999
2787 Straits_of_Hormuz 2405 3692 962
2788 Persian_Gulf 2331 3607 962
2789 Gulf_of_Indus 2430 3811 1024
2790 Gulf_of_Gujarat 2456 3875 1063
2791 Laquedive_Islands 2457 3914 1125
2792 Coast_of_Malabar 2500 3954 1224
2793 Comorin_Cape 2525 4013 1311
2794 Coast_of_Caramandel 2578 4083 1215
2795 Coast_of_Orissa 2597 4127 1133
2796 Ganges_Delta 2635 4203 1077
2797 Akyab_Bay 2659 4248 1124
2798 Irrawady_Delta 2698 4316 1145
2799 Andaman_Sea 2658 4235 1218
2800 Mergui_Archipelago 2676 4303 1257
2801 Straits_of_Malacca 2697 4376 1349
2802 Nicobar_Isles 2675 4300 1186
2803 Coast_of_Atjeh 2681 4313 1408
2804 Coast_of_Sumatra 2690 4369 1476
2805 Sunda_Strait 2792 4453 1494
2806 Coast_of_Java 2730 4450 1544
2807 Coast_of_Surabaya 2829 4547 1590
2808 Straits_of_Lombok 2896 4662 1600
2809 Timor_Sea 2992 4718 1550
2810 The_Moluccas 2974 4703 1504
2811 Java_Sea 2885 4623 1525
2812 Straits_of_Makassar 2941 4651 1429
2813 Karimata_Strait 2812 4552 1476
2814 Straits_of_Johore 2790 4495 1428
2815 Malayan_Sea 2763 4466 1367
2816 Coast_of_Sarawk 2834 4545 1340
2817 Mekong_Delta 2737 4390 1265
2818 Gulf_of_Siam 2728 4386 1228
2819 Cam_Rah_Bay 2760 4503 1246
2821 Coast_of_Brunei 2949 4684 1276
2822 Coast_of_Annam 2842 4524 1153
2823 Gulf_of_Tonkin 2807 4491 1087
2824 Guanghou_Bay 2845 4610 1072
2825 Taiwan_Strait 2947 4675 1004
2826 Yang_Tse_Delta 2996 4722 920
2827 Yellow_Sea 2989 4727 819
2828 Korea_Bay 2964 4729 759
2829 South_Korean_Sea 3070 4832 827
2830 North_Korean_Sea 3077 4854 721
2831 Coast_of_Olga 3132 4969 655
2832 Tatar_Strait 3172 5013 505
2833 Amur_Delta 3138 5011 401
2834 Baj_of_Ayan 3194 5116 365
2835 Bay_of_Komenskoie 3246 5262 321
2836 Coast_of_Kamchatska 3235 5189 429
2837 Oktothsk_Sea 3200 5096 447
2838 La_Prouse_Strait 3192 5031 614
2839 Soya_Strait 3197 5116 562
2841 Sea_of_Japan 3133 4949 749
2842 Amakusa_Sea 3095 4866 783
2843 Setto_Inland_Sea 3091 4895 885
2844 Tokai_Sea 3143 5030 888
2845 Ryukyu_Islands 3048 4782 876
2846 Luzon_Strait 3015 4693 1063
2848 Manila_Bay 2883 4636 1224
2849 Coast_of_Luzon 3029 4769 1152
2850 Gulf_of_Leyte 3032 4745 1224
2851 Sulu_Sea 2956 4697 1344
2852 Sea_of_Celebes 3009 4764 1399
2853 Sea_of_Ternete 3083 4848 1433
2854 Sea_of_Banda 3030 4811 1487
2855 Philipine_Sea 3062 4823 1281
2856 Palau_Islands 3118 4921 1327
2857 Biak_Bay 3155 5013 1405
2858 Vilian_Strait 3176 5122 1459
2860 Torres_Strait 3189 5030 1558
2861 Arafuam_Sea 3047 4813 1598
2862 Kolepom_Bay 3114 4921 1533
2863 Gulf_of_Carpentaria 3139 4972 1633
2864 Great_Barrier_Reef 3196 5138 1683
2867 Bass_Strait 3204 5089 2069
2868 Kangaroo_Island 3141 4986 2056
2869 Great_Australian_Bight 3045 4842 1987
2871 Shark_Bay 2833 4552 1933
2872 Northwest_Cape 2832 4541 1793
2873 King_Sound 2871 4639 1694
2874 Tasman_Sea 3222 5186 2124
2875 Southern_Tasman_Sea 3145 5007 2125
2876 Cook_Strait 3282 5463 2031
2878 Cape_Farwell 3285 5469 1937
2879 Coast_of_New_Zealand 3283 5578 2046
2881 Sea_of_Antarctica 3282 5461 2025
2882 New_Caledonian_Sea 3260 5396 1736
2883 Coral_Sea 3243 5283 1675
2884 Gilbert_Sea 3271 5418 1607
2886 Nauru_Island 3268 5444 1452
2888 Micronesia_Sea 3161 5059 1307
2889 Philippine_Trench 3104 4917 1190
2890 Philippine_Basin 3031 4815 1042
2891 Tinian_Sea 3123 4979 1076
2892 Iwo_Jima_Sea 3107 4952 963
2893 Taihei_Ocean 3216 5200 831
2895 Bay_of_Uka 3252 5338 464
2896 Bay_of_Oljut 3269 5434 314
2897 Bay_of_Anadyr 3298 5559 218
2898 Yekaterina_Plains 3300 5560 356
2899 Horn_of_Africa 2339 3617 1279
2902 Mozambique_Channel 2214 3491 1627
2903 Diego_Suarez_Bay 2352 3645 1535
2904 Western_Arabian_Sea 2387 3708 1238
2905 Eastern_Arabian_Sea 2427 3817 1164
2906 The_Seychelles 2356 3686 1395
2907 Coast_of_Tamatave 2320 3615 1742
2908 The_Mascareignes 2403 3781 1688
2909 Gulf_of_Zambeze 2156 3448 1721
2910 Coast_of_Natal 2058 3386 1827
2911 Coast_of_Transkei 1939 3326 1943
2912 Coast_of_Ciskei 1782 3235 2007
2913 Cape_of_Good_Hope 1435 3071 2002
2914 Coast_of_Namibia 1236 2970 1860
2915 Coast_of_Angola 1191 2934 1733
2917 Coast_of_Cameroon 1173 2897 1470
2918 Bight_of_Benin 1176 2884 1356
2920 Ivory_Coast 894 2672 1377
2922 Coast_of_Senegambia 847 2477 1189
2923 Maueretanian_Coast 849 2486 1069
2924 Canarian_Sea 854 2560 910
2925 Coast_of_Morocco 867 2628 842
2927 Spitzberg_Sea 916 2751 75
2929 Shetland_Straits 878 2652 257
2930 Coast_of_Iceland 841 2446 207
2931 Northeastern_Atlantic 855 2524 393
2933 Denmark_Strait 807 2300 98
2935 Western_Coast_of_Greenland 761 2040 226
2936 Labrador_Strait 647 1921 199
2938 Hudson_Straits 475 1752 90
2939 James_Bay 340 1528 193
2940 Western_Hudson_Bay 196 1399 120
2942 Foxe_Bassin 332 1482 70
2943 Gulf_of_St._Lawrence 565 1801 351
2944 Cabot_Strait 565 1867 390
2945 Bay_of_Fundy 590 1773 481
2946 Strait_of_Belle_Isle 704 1961 326
2948 Notre_Dame_Bay 756 2046 369
2949 Labrador_Sea 777 2105 308
2950 Greenland_Sea 798 2209 382
2951 Hecala_Seamount 833 2385 445
2952 Masschusetts_Bay 553 1722 515
2953 Chesapaeake_Bay 494 1679 547
2954 Cape_Hatteras 453 1649 610
2955 Coast_of_Carolina 400 1588 691
2956 Coast_of_Florida 405 1576 760
2957 Coast_of_the_Bahamas 459 1655 778
2958 Florida_Straits 366 1531 813
2959 Apalachee_Bay 342 1481 753
2960 Mobile_Bay 290 1405 753
2961 Galveston_Bay 248 1329 763
2962 Tampico_Bay 247 1318 828
2963 Yucatan_Sea 253 1350 881
2965 Yucatan_Channel 327 1456 824
2966 Belize_Bay 325 1454 929
2968 Gulf_of_Darien 382 1553 1026
2969 Jamaica_Channel 456 1643 923
2970 Central_Caribbean 411 1603 971
2971 Northwestern_Caribbean 368 1540 879
2972 Venezualan_Gulf 500 1702 995
2973 Venezuelan_Sea 605 1787 1014
2974 Eastern_Caribbean 534 1716 948
2975 Windward_Islands 666 1869 1014
2976 Lesser_Antilles 610 1801 959
2977 Turks_&amp;_Caicos_Sea 515 1704 842
2978 Coast_of_Cuba 433 1617 844
2979 Coast_of_Hispaniola 583 1790 877
2980 Guyana_Coast 706 1922 1080
2981 Coast_of_Amapa 753 2021 1125
2982 Amazonas_Gulf 745 2091 1190
2983 Coast_of_Brazil 808 2199 1239
2985 Coast_of_Pernambuc 824 2264 1410
2986 Todos_Santos_Bay 811 2229 1520
2987 Rio_De_Janeiro 782 2127 1639
2988 Baia_Parangua 752 2040 1751
2989 Rio_De_La_Plata 708 1944 1837
2990 Bahia_Blanca 611 1850 1937
2991 Coast_of_Patagonia 592 1798 2047
2992 Magellan_Strait 533 1792 2124
2993 South_Chilean_Coast 422 1600 2054
2994 Coast_of_Chile 425 1611 1929
2995 Atacama_Coast 424 1621 1791
2997 Arequipa_Bay 398 1633 1536
3001 Gulf_of_Panama 361 1543 1115
3002 Bay_of_Costa_Rica 297 1439 1078
3003 Acapulco_Bay 244 1333 1011
3004 Manzazilla_Bay 186 1215 962
3005 Mazatlan_Bay 164 1139 899
3006 Gulf_of_California 138 1075 772
3007 Coast_of_Baja 116 1021 848
3009 Santa_Catalina_Islands 82 847 581
3010 Coast_of_Oregon 72 784 475
3011 Coast_of_Columbia 71 740 365
3012 Hecate_Strait 59 654 235
3013 Gulf_of_Alaska 45 491 188
3014 Coast_of_Alaska 30 275 174
3015 Kuskowim_Bay 20 174 68
3016 Hatton_Bank 846 2450 607
3017 Eastern_Gibbs_Fracture 819 2278 561
3019 Iberian_Shelf 860 2553 674
3020 Sea_of_Azores 843 2402 719
3022 New_England_Seamounts 650 1877 488
3023 Sable_Island_Bank 536 1754 579
3028 Northern_Guiana_Basin 705 1915 906
3029 Guiana_Basin 718 1957 1002
3030 Southern_Guiana_Basin 812 2278 1165
3035 Eastern_Sargasso_Sea 772 2092 810
3036 Central_Sargasso_Sea 723 1980 821
3037 Romanche_Gap 834 2363 1236
3039 West_Guinea_Basin 959 2769 1512
3040 Coast_of_Falklands 696 1939 2011
3041 Argentine_Rise 744 2044 1901
3042 Cornet_Bank 779 2153 1787
3043 Vema_Channel 805 2245 1663
3044 South_Brazil_Basin 831 2319 1537
3045 Zapiola_Plain 818 2323 1803
3046 Argentine_Basin 817 2288 1942
3047 Falkland_Plateau 749 2046 2110
3048 East_of_Magellans 659 1887 2121
3049 Fernando_de_Noronha_Islands 838 2366 1353
3050 North_Brazil_Basin 840 2419 1432
3051 Sierra_Leone_Basin 852 2483 1347
3053 West_Coast_of_Ascension 861 2545 1465
3054 East_Coast_of_Ascension 892 2651 1499
3057 Gough_Island 882 2651 1854
3058 Coast_of_Tristan_da_Cunha 848 2487 1821
3061 Inaccesable_Island 862 2599 2040
3062 Bouvet_Island 908 2739 2095
3063 Cape_of_Storms 1313 3078 2113
3064 Gulf_of_Bengal 2628 4186 1154
3065 Northen_Bay_of_Bengal 2616 4163 1229
3067 Ceylon_Sea 2581 4081 1325
3068 Coast_of_Maldives 2471 3908 1348
3069 Eight_Degree_Channel 2442 3853 1257
3071 Arabian_Basin 2428 3799 1405
3072 One_And_Half_Degree_Channel 2473 3934 1446
3074 Cocos_Basin 2573 4117 1606
3075 Southern_Sumatra_Trench 2629 4239 1515
3077 Java_Trench 2669 4317 1582
3078 Prince_Edward_Islands 1844 3289 2116
3081 Crozet_Island 2305 3609 2101
3082 Mascarene_Plain 2304 3661 1964
3084 Southwest_Indian_Basin 2420 3818 2079
3085 Kerguelen_Islands 2499 4037 2100
3087 Broken_Ridge 2734 4495 2085
3088 South_Australian_Basin 2902 4726 2111
3089 Egeria_Fracture_Zone 2462 3936 1943
3090 Argo_Zone 2478 3980 1708
3091 Cuvier_Basin 2726 4447 1830
3094 Roa_Rise 2794 4503 1693
3096 Wharton_Basin 2700 4363 1769
3098 Southern_Cocos_Plateau 2638 4262 1881
3099 Amsterdam_Island 2566 4093 1940
3100 Marie-Celeste_Fracture_Zone 2454 3901 1803
3101 Lake_Tchad 1528 3030 1189
3102 Lake_Victoria 2036 3319 1419
3103 Lake_Tangayika 1901 3277 1512
3104 Lake_Malawi 2088 3342 1598
3105 Gulden-Drake_Seamount 2627 4262 1983
3106 Lake_Balchasj 2522 3967 608
3107 Lake_Bajkal 2671 4497 463
3108 Lake_Dongting 2683 4562 920
3109 Lake_Titicaca 584 1721 1459
3110 Lake_Nicaragua 355 1472 1021
3111 Sedna_Basin 47 492 597
3112 Lake_Ontario 426 1593 465
3113 Lake_Erie 388 1535 493
3114 Lake_Huron 373 1521 444
3115 Lake_Michigan 331 1449 458
3116 Lake_Superior 267 1442 380
3117 Lake_Nipigon 310 1426 340
3118 Lake_Winnipeg 219 1275 269
3119 Korskiyev_Gulch 3301 5563 536
3120 Orsova_Bank 3264 5402 585
3122 Sorvskiya_Plains 3287 5536 694
3123 Yamara_Gulch 3247 5342 710
3126 Coast_of_Marcus_Island 3208 5174 976
3127 Coast_of_the_Mariana_Islands 3201 5118 1137
3129 Izamo_Drop 3254 5348 1019
3130 North_Bering_Sea 1 62 81
3131 South_Bering_Sea 2 61 208
3132 Western_Aleutian_Islands 3 57 327
3133 Pribilof_Islands 25 185 199
3135 Uminak_Pass 36 375 281
3136 Western_Aleutian_Sea 4 83 435
3137 Baker_Seamount 53 569 378
3138 Alaska_Plain 44 411 439
3139 Eastern_Aleutian_Sea 22 235 432
3140 Explorer_Trench 62 644 547
3141 Moonless_Seamounts 77 831 770
3142 Chinook_Basin 28 277 582
3143 Ulchi_Basin 5 95 595
3144 Jingu_Basin 6 111 771
3145 Chinook_Trough 32 324 755
3146 Stanley_Seamount 50 549 753
3148 California_Seamount 87 906 871
3150 Coast_of_Hawaii 37 379 1111
3151 Argo_Seamount 66 730 877
3152 Musicians_Seamount 35 352 935
3153 Coast_of_Midway_Island 7 130 927
3154 Kepler_Plain 121 1064 954
3155 Galois_Plain 148 1152 1024
3157 Coast_of_the_Galapagos_Islands 207 1356 1181
3159 Coast_of_the_Cook_Islands 41 504 1886
3160 Clipperton_Island 106 1001 1061
3161 Henderson_Seamount 81 865 1006
3164 Northeast_Pacific_Basin 63 738 1080
3165 Discoverer_Seamount 80 878 1198
3167 Hawaiian_Arch 55 569 1088
3168 Radford_Basin 58 669 1304
3169 Northern_Line_Islands 40 423 1272
3170 Coast_of_the_Society_Islands 33 390 1627
3171 Peru_Basin 255 1424 1464
3173 Severance_Plains 70 771 1449
3175 Southern_Line_Islands 48 526 1504
3176 Central_Pacific_Basin 29 288 1473
3177 Coast_of_Samoa 10 93 1569
3178 Johnston_Atoll 9 158 1266
3179 Coast_of_Tonga 11 145 1737
3180 Coast_of_the_Marquesas 61 748 1618
3182 Coast_of_the_Tuamotus 60 677 1812
3183 Titus_Ridge 46 534 2074
3185 Southwest_Pacific_Basin 31 328 1960
3187 Coast_of_Pitcairn_Island 76 885 1866
3190 Coast_of_Easter_Island 146 1188 1679
3191 Coast_of_the_Ellice_Islands 3294 5559 1543
3192 New_Caledonia_Basin 3276 5466 1804
3193 Juan_Fernandez_Islands 286 1458 1799
3194 Selkirk_Rise 193 1285 1834
3195 Karasev_Plains 240 1357 2119
3196 Timkin_Plain 285 1469 1628
3199 Valdivia_Flats 302 1485 1948
3200 Coast_of_South_Georgia 797 2213 2099
3201 Argentine_Plain 781 2137 1988
3206 East_Demerara_Plain 787 2157 1104
3207 Cape_Verde_Basin 810 2241 1020
3209 Bahamas_Basin 601 1824 803
3212 Ceylon_Plain 2582 4127 1424
3213 Sunda_Trench 2643 4234 1317
3214 Northern_Sumatra_Trench 2644 4230 1418
3215 Central_Indian_Basin 2540 4040 1488
3217 Solace_Flats 3239 5265 1120
3219 Coast_of_Fiji 3296 5549 1699
3221 Coast_of_the_Gilbert_Islands 3293 5554 1366
3223 Tusei_Bank 3255 5302 1285
3224 Lake_Tana 2163 3387 1206
3225 Great_Salt_Lake 127 1047 511
3226 South_Australian_Plain 3075 4874 2110
3227 Great_Slave_Lake 99 1019 78
3228 Lake_Athabasca 130 1094 131
3229 Reindeer_Lake 179 1211 170
3230 Gulf_of_Ob 2485 3958 91
3231 Lake_' 2246 3472 753
3232 Lake_Urmia 2294 3516 772
3233 Issyk_Kul 2519 4010 682
3234 Qinghai_Lake 2686 4370 781
3235 Lake_Poyang 2940 4621 920
3236 Lake_Rudolf 2139 3367 1340
3238 Lake_Mweru 1901 3255 1542
3239 Lake_Champlain 527 1663 441
3240 Lake_Poopo 617 1761 1508
3241 Arctic_Ocean 3073 4926 10
3242 Maury_Sea_Channel 839 2412 310
3243 Southeast_Pacific_Basin 171 1201 2064
3244 Jaluit_Passage 3267 5409 1307
3245 Markov_Plains 239 1350 2004
3246 Jan_Mayen_-_Now_Saint_Barthelemy 936 2676 28
3247 West_Hawaii 8 136 1095
3248 West_Magellan_Strait 407 1606 2137
3249 Old_Tianjin 2962 4642 753
3250 Fribourg 1299 2916 597
3251 Monaco 1322 2925 652
3252 Andorra 1170 2832 676
3253 Liechtenstein 1409 2956 586
3254 Buckeburg 1388 2949 482
3255 Reuss 1469 2990 518
3256 Schwarzburg 1455 2979 516
3257 Waldeck 1382 2947 503
3258 Altona 1395 2956 450
3259 Wilhelmshaven 1291 2931 458
3260 Sado 3159 4967 762
3261 Pescara 1542 3029 682
3262 Belluno 1466 3000 605
3263 Fort_William 2635 4177 1052
3264 Nicobar_Islands 2676 4263 1274
3265 Essen 1296 2918 498
3266 San_Marino 1513 3002 653
3267 Bielefield 1363 2944 497
3268 Exeter 1038 2748 514
3269 Portsmouth 1113 2795 513
3270 Wetzlar 1364 2941 519
3271 Jura 1298 2918 584
3272 Brig 1325 2930 601
3273 Thohoyandu 1979 3281 1772
3274 Svaneti 2243 3469 668
3280 Lake_Okeechobee 408 1546 765
3281 Lake_Tahoe 101 934 547
3282 Lake_Izabal 319 1413 952
3283 Lake_Khanka 3120 4873 630
3284 Taihu_Lake 3002 4679 880
3285 Tonl_Sap 2782 4430 1194
3286 Lake_Qilin 2602 4177 872
3287 Daryacheh-ye_Namak_Lake 2372 3614 827
3288 Lake_Michikamau 627 1809 234
3289 Lake_Mwitanzige 2000 3290 1372
3290 Lake_Sarygamysh 2414 3705 682
3291 Lake_Bodensee 1281 2953 580
3292 Lake_Sarygamysh 1143 2879 811
3293 Lake_Bodensee 3092 4821 1758
3294 Lake_Bodensee 1714 3130 708
3295 Mar_chiquita 656 1827 1697
3296 Aksai_Chin 2571 4040 810
3299 changjiang1 2979 4670 861
3300 changjiang2 2950 4642 888
3301 changjiang3 2913 4619 905
3302 changjiang4 2890 4582 904
3303 Lake_Hongze 2973 4657 841
3304 Bay_of_Danzig 1673 3114 422
3305 Gulf_of_Riga 1775 3173 362
3306 Ryukyu_Trench 3034 4786 949
3307 Tsugaru_Strait 3175 5000 700
3308 Lombok_Strait 2925 4617 1533
3309 Volga_River 2231 3501 544
3310 Don_River 2221 3491 545
3311 Rhine1 1280 2919 517
3312 Rhine2 1309 2934 551